fecha	gamma	alpha	lambda	subsample	tree_method	grow_policy	max_bin	max_leaves	scale_pos_weight	eta	colsample_bytree	min_child_weight	max_depth	prob_corte	nrounds	ganancia	iteracion
20220917 143044	0	0	0	1	auto	depthwise	256	0	1	0.153774041322758	0.832053191736341	4	17	0.0382495545902445	19	20582000	1
20220917 143526	0	0	0	1	auto	depthwise	256	0	1	0.271928988516098	0.636610471885651	4	19	0.0452964635155513	9	18344000	2
20220917 144332	0	0	0	1	auto	depthwise	256	0	1	0.0643813462881371	0.652664288682863	1	6	0.0420094891412494	166	22488000	3
20220917 155047	0	0	0	1	auto	depthwise	256	0	1	0.231603562741191	0.354244734430686	5	23	0.019753100961049	8	22334000	4
20220917 155618	0	0	0	1	auto	depthwise	256	0	1	0.111507637196337	0.470605112481862	8	13	0.061694712342578	64	19384000	5
20220917 155949	0	0	0	1	auto	depthwise	256	0	1	0.27796680620301	0.747589869266376	5	6	0.0457778409965491	49	20580000	6
20220917 160855	0	0	0	1	auto	depthwise	256	0	1	0.0979448420219123	0.902664149897173	8	10	0.0543592034318135	73	19756000	7
20220917 161201	0	0	0	1	auto	depthwise	256	0	1	0.206353757876088	0.386798960790038	7	16	0.0255742628669638	15	22950000	8
20220917 161846	0	0	0	1	auto	depthwise	256	0	1	0.170502649910864	0.877436125446111	10	20	0.0383989047701956	21	22488000	9
20220917 162836	0	0	0	1	auto	depthwise	256	0	1	0.0502911429055966	0.485164121137932	3	17	0.0325018251685833	58	23334000	10
20220917 163503	0	0	0	1	auto	depthwise	256	0	1	0.258878008593572	0.825351367639378	6	27	0.0412559372014948	12	19074000	11
20220917 164054	0	0	0	1	auto	depthwise	256	0	1	0.155678277339786	0.591858506696299	1	21	0.0601138815230418	8	14258000	12
20220917 164553	0	0	0	1	auto	depthwise	256	0	1	0.286563551961328	0.645744434520602	3	13	0.0178993275910519	35	20928000	13
20220917 165042	0	0	0	1	auto	depthwise	256	0	1	0.0935515434761764	0.625291695781052	7	7	0.0151028891829871	65	24510000	14
20220917 165301	0	0	0	1	auto	depthwise	256	0	1	0.195527017994318	0.231733846599236	7	29	0.0518396693695104	15	17426000	15
20220917 171321	0	0	0	1	auto	depthwise	256	0	1	0.0113385987353977	0.76132713643834	0	2	0.030954443646624	1281	25062000	16
20220917 171721	0	0	0	1	auto	depthwise	256	0	1	0.145537148697069	0.419066673005	4	4	0.0650793320160301	214	17676000	17
20220917 172822	0	0	0	1	auto	depthwise	256	0	1	0.0644160604977514	0.689844294879586	10	25	0.036056842396647	58	23118000	18
20220917 173307	0	0	0	1	auto	depthwise	256	0	1	0.215816772262217	0.950882313605398	0	26	0.0213466519934203	1	4316000	19
20220917 173525	0	0	0	1	auto	depthwise	256	0	1	0.137266048859223	0.260518944691867	2	9	0.0273357214443968	30	22352000	20
20220917 175055	0	0	0	1	auto	depthwise	256	0	1	0.0705146063114516	0.994869647705928	3	18	0.057258226773071	46	17984000	21
20220917 180404	0	0	0	1	auto	depthwise	256	0	1	0.0285140561693115	0.286125178607181	1	30	0.0481755744817201	76	14754000	22
20220917 180659	0	0	0	1	auto	depthwise	256	0	1	0.254939808345749	0.522397442366928	9	11	0.0429847246182423	15	20770000	23
20220917 200448	0	0	0	1	auto	depthwise	256	0	1	0.0102383607395738	0.539880153884311	5	12	0.0125010979362492	421	24702000	24
20220917 204730	0	0	0	1	auto	depthwise	256	0	1	0.0100145454149837	0.606668708935898	2	2	0.0158367321029643	3876	25278000	25
20220917 211219	0	0	0	1	auto	depthwise	256	0	1	0.0105228771627404	0.586871097377446	10	17	0.0125006716072113	53	24688000	26
20220917 212856	0	0	0	1	auto	depthwise	256	0	1	0.0100587889433347	0.230479759807738	0	2	0.0192313337502056	2602	25928000	27
20220917 220059	0	0	0	1	auto	depthwise	256	0	1	0.0102140676684596	0.613767459036333	7	20	0.0125146259225395	49	24410000	28
20220917 223052	0	0	0	1	auto	depthwise	256	0	1	0.0110669728418619	0.68059927561076	10	2	0.0125106524273761	2434	23746000	29
20220917 225446	0	0	0	1	auto	depthwise	256	0	1	0.010080852475653	0.45244400182389	0	2	0.0125556523699552	2491	23322000	30
20220917 231218	0	0	0	1	auto	depthwise	256	0	1	0.0100994096539741	0.20220229385018	3	2	0.0270824296081385	3042	26580000	31
20220917 232445	0	0	0	1	auto	depthwise	256	0	1	0.010008732992714	0.264031376114759	1	2	0.0335938332904685	1647	24760000	32
20220917 235115	0	0	0	1	auto	depthwise	256	0	1	0.0100089170107629	0.703692331020743	4	2	0.0269959187934296	1916	25936000	33
20220918 000330	0	0	0	1	auto	depthwise	256	0	1	0.0140193860833344	0.200112907253382	3	2	0.0126101129546173	2100	23288000	34
20220918 002721	0	0	0	1	auto	depthwise	256	0	1	0.0100801490517449	0.587601809125685	7	2	0.0311887682180073	2046	25512000	35
20220918 005044	0	0	0	1	auto	depthwise	256	0	1	0.010031450534497	0.360441172580104	5	2	0.0220790827638562	2828	26606000	36
20220918 011122	0	0	0	1	auto	depthwise	256	0	1	0.0101135007473884	0.200684657126146	9	17	0.0213207229635429	535	25214000	37
20220918 012949	0	0	0	1	auto	depthwise	256	0	1	0.0101091349376775	0.499248772141251	3	2	0.0233069428154888	1638	26412000	38
20220918 013129	0	0	0	1	auto	depthwise	256	0	1	0.299975459429474	0.200419043523092	8	9	0.0154703800276314	36	21514000	39
20220918 014420	0	0	0	1	auto	depthwise	256	0	1	0.0101608153646319	0.20109634075655	4	2	0.0236048546972945	2063	26510000	40
20220918 022444	0	0	0	1	auto	depthwise	256	0	1	0.0100879965690109	0.454216523110245	7	14	0.0192804593790237	563	25604000	41
20220918 024513	0	0	0	1	auto	depthwise	256	0	1	0.0100005587221574	0.216292446777424	5	5	0.0263526979151526	1442	25898000	42
20220918 030353	0	0	0	1	auto	depthwise	256	0	1	0.010001047127825	0.782232548312116	5	2	0.0376711734947688	1030	24222000	43
20220918 030614	0	0	0	1	auto	depthwise	256	0	1	0.299918637057814	0.738207735073684	10	2	0.0320667942128386	137	24340000	44
20220918 032800	0	0	0	1	auto	depthwise	256	0	1	0.0153592039710399	0.275903679125578	10	30	0.0147515784592187	410	25082000	45
20220918 034356	0	0	0	1	auto	depthwise	256	0	1	0.0106563746246541	0.371946162444274	3	2	0.0259899497513297	1783	26494000	46
20220918 040143	0	0	0	1	auto	depthwise	256	0	1	0.0309295875611725	0.999345454590962	6	2	0.0199733529388271	1068	26220000	47
20220918 040415	0	0	0	1	auto	depthwise	256	0	1	0.299233441104326	0.993287931018759	6	2	0.0192977034738822	108	24632000	48
20220918 042531	0	0	0	1	auto	depthwise	256	0	1	0.0103775247690437	0.202192736271702	5	17	0.020206671195983	444	25686000	49
20220918 043557	0	0	0	1	auto	depthwise	256	0	1	0.0321808231118093	0.999664321977958	10	2	0.025551301323547	543	25972000	50
20220918 045705	0	0	0	1	auto	depthwise	256	0	1	0.0207047058001107	0.667017235588713	6	2	0.0211175867363194	1795	25808000	51
20220918 061002	0	0	0	1	auto	depthwise	256	0	1	0.010115243990879	0.999841778394115	9	9	0.01877441474574	888	26518000	52
20220918 061832	0	0	0	1	auto	depthwise	256	0	1	0.0101245160595823	0.20204339711939	10	2	0.0300306471875002	1204	25152000	53
20220918 062602	0	0	0	1	auto	depthwise	256	0	1	0.0909395148617141	0.999921704329361	9	2	0.0195002015849335	437	26694000	54
20220918 063431	0	0	0	1	auto	depthwise	256	0	1	0.113309530245566	0.999648895185419	10	6	0.0188516179280721	136	25238000	55
20220918 064009	0	0	0	1	auto	depthwise	256	0	1	0.0962912061698186	0.999950415590066	8	2	0.0223567096574519	268	26306000	56
20220918 075641	0	0	0	1	auto	depthwise	256	0	1	0.0101132218734298	0.999999434948014	9	15	0.0175724068793931	563	25860000	57
20220918 083937	0	0	0	1	auto	depthwise	256	0	1	0.0160218182968712	0.999939229783073	9	2	0.0193972432918983	2738	26632000	58
20220918 084507	0	0	0	1	auto	depthwise	256	0	1	0.0773368345724245	0.972122717489466	9	2	0.0308527643200483	281	25564000	59
20220918 090427	0	0	0	1	auto	depthwise	256	0	1	0.0100310401067171	0.211187427279006	6	21	0.0310950056894837	282	23958000	60
20220918 090741	0	0	0	1	auto	depthwise	256	0	1	0.299991704473393	0.401601607243915	10	30	0.012526415008278	21	22048000	61
20220918 091111	0	0	0	1	auto	depthwise	256	0	1	0.0753976083593133	0.360121057004703	5	2	0.0215007644549468	389	26332000	62
20220918 095148	0	0	0	1	auto	depthwise	256	0	1	0.0104128019259114	0.442610558704476	10	23	0.0187383676044818	517	25862000	63
20220918 105200	0	0	0	1	auto	depthwise	256	0	1	0.010138585523454	0.924656546595966	5	9	0.0196013704529761	641	25116000	64
20220918 110345	0	0	0	1	auto	depthwise	256	0	1	0.0367036661240648	0.999487506498146	2	2	0.0210314519214539	639	26064000	65
20220918 110952	0	0	0	1	auto	depthwise	256	0	1	0.0311874436055103	0.373851083353339	5	2	0.0275135213557313	655	25704000	66
20220918 112435	0	0	0	1	auto	depthwise	256	0	1	0.0105692714375247	0.211621310800818	2	2	0.0221885373919964	2396	26266000	67
20220918 113210	0	0	0	1	auto	depthwise	256	0	1	0.0841040544159843	0.99899374215702	5	2	0.0185006722041474	426	26238000	68
20220918 120239	0	0	0	1	auto	depthwise	256	0	1	0.0101107167394593	0.415623484763716	9	4	0.021173292581469	1796	26126000	69
20220918 132025	0	0	0	1	auto	depthwise	256	0	1	0.0100128557836321	0.999073827016696	10	30	0.0164146174869087	361	25360000	70
20220918 132147	0	0	0	1	auto	depthwise	256	0	1	0.299896102194527	0.350827728319714	5	2	0.0277091954070929	113	24200000	71
20220918 135525	0	0	0	1	auto	depthwise	256	0	1	0.0104246117133076	0.999172967977069	3	2	0.0306388205762778	1857	25880000	72
20220918 140932	0	0	0	1	auto	depthwise	256	0	1	0.0100363357047264	0.274282884661716	5	2	0.0199467053814678	1878	25760000	73
20220918 141443	0	0	0	1	auto	depthwise	256	0	1	0.296944927323646	0.950590287348015	10	19	0.0666167008073096	7	16866000	74
20220918 142335	0	0	0	1	auto	depthwise	256	0	1	0.0586512516248121	0.929755150936777	9	2	0.0222586897307339	540	26216000	75
20220918 142843	0	0	0	1	auto	depthwise	256	0	1	0.0865356722150203	0.37333542940144	10	30	0.0210017192274298	38	25196000	76
20220918 143127	0	0	0	1	auto	depthwise	256	0	1	0.273774705223195	0.999849534089598	10	2	0.0178686409475134	119	24638000	77
20220918 144244	0	0	0	1	auto	depthwise	256	0	1	0.0699618488872253	0.999782641008414	9	2	0.0207388211647757	687	27032000	78
20220918 144423	0	0	0	1	auto	depthwise	256	0	1	0.299844530945827	0.608852990277089	6	2	0.0181673651928579	90	24756000	79
20220918 151016	0	0	0	1	auto	depthwise	256	0	1	0.0100081903602092	0.347181686715352	4	11	0.0217297812881518	422	25792000	80
20220918 151345	0	0	0	1	auto	depthwise	256	0	1	0.0775764956034325	0.580938493746445	5	2	0.0229951678050029	246	25824000	81
20220918 151711	0	0	0	1	auto	depthwise	256	0	1	0.0820417914659886	0.200162880509378	5	19	0.0211846245849363	38	24332000	82
20220918 152008	0	0	0	1	auto	depthwise	256	0	1	0.149581778957358	0.374494948894486	10	2	0.0218327595576472	327	26388000	83
20220918 152246	0	0	0	1	auto	depthwise	256	0	1	0.0989785854579361	0.381792173426373	10	2	0.0232147207374149	268	26150000	84
20220918 152501	0	0	0	1	auto	depthwise	256	0	1	0.167938069204474	0.373369563755507	5	2	0.0190171608665276	229	25980000	85
20220918 160810	0	0	0	1	auto	depthwise	256	0	1	0.010135475401232	0.593697932896534	10	30	0.0203628872167568	294	25754000	86

