fecha	objective	metric	first_metric_only	boost_from_average	feature_pre_filter	verbosity	max_depth	min_gain_to_split	lambda_l1	lambda_l2	max_bin	num_iterations	force_row_wise	seed	learning_rate	feature_fraction	min_data_in_leaf	num_leaves	prob_corte	ganancia	iteracion
20220920 020513	binary	custom	TRUE	TRUE	FALSE	-100	-1	0	0	0	31	476	TRUE	999983	0.036857320947526	0.495625613112934	3077	17	0.0238026484732982	25860000	1
20220920 020600	binary	custom	TRUE	TRUE	FALSE	-100	-1	0	0	0	31	207	TRUE	999983	0.0356433239168022	0.497604642433114	3078	17	0.0232114334867802	25638000	2
20220920 020640	binary	custom	TRUE	TRUE	FALSE	-100	-1	0	0	0	31	208	TRUE	999983	0.03601032309609	0.49962191948574	3076	17	0.0241699106310552	25734000	3
20220920 020732	binary	custom	TRUE	TRUE	FALSE	-100	-1	0	0	0	31	354	TRUE	999983	0.0367235237165121	0.503723046963569	3075	18	0.0232913432658825	25636000	4
20220920 020840	binary	custom	TRUE	TRUE	FALSE	-100	-1	0	0	0	31	497	TRUE	999983	0.0355974331358913	0.496755262247287	3076	16	0.0229430908561044	25600000	5
20220920 020951	binary	custom	TRUE	TRUE	FALSE	-100	-1	0	0	0	31	507	TRUE	999983	0.0354956231343793	0.502210834521102	3077	17	0.0243073177953192	26164000	6
20220920 021034	binary	custom	TRUE	TRUE	FALSE	-100	-1	0	0	0	31	232	TRUE	999983	0.0358720277003013	0.493856451169355	3079	18	0.0227231246668671	25582000	7
20220920 021139	binary	custom	TRUE	TRUE	FALSE	-100	-1	0	0	0	31	450	TRUE	999983	0.036333796738158	0.504099904065253	3079	18	0.0225258662472479	26090000	8
20220920 021238	binary	custom	TRUE	TRUE	FALSE	-100	-1	0	0	0	31	457	TRUE	999983	0.0366363350372063	0.494332363885595	3078	17	0.0241034636642726	25782000	9
20220920 021344	binary	custom	TRUE	TRUE	FALSE	-100	-1	0	0	0	31	523	TRUE	999983	0.0357473184010945	0.500950876126299	3075	17	0.0236263153436885	26104000	10
20220920 021423	binary	custom	TRUE	TRUE	FALSE	-100	-1	0	0	0	31	179	TRUE	999983	0.0362551716483198	0.498696497950004	3079	16	0.0234016813165799	25508000	11
20220920 021526	binary	custom	TRUE	TRUE	FALSE	-100	-1	0	0	0	31	490	TRUE	999983	0.0369124810646055	0.50653967015422	3077	17	0.0248575440604182	25824000	12
20220920 021631	binary	custom	TRUE	TRUE	FALSE	-100	-1	0	0	0	31	469	TRUE	999983	0.0352179690617137	0.50805680229445	3078	16	0.0245414428072982	25786000	13
20220920 021720	binary	custom	TRUE	TRUE	FALSE	-100	-1	0	0	0	31	305	TRUE	999983	0.0351566741122166	0.49182696995046	3077	16	0.0235063717029407	25366000	14
20220920 021829	binary	custom	TRUE	TRUE	FALSE	-100	-1	0	0	0	31	511	TRUE	999983	0.0353805663487874	0.505792601098074	3075	18	0.0248938195635856	25998000	15
20220920 021929	binary	custom	TRUE	TRUE	FALSE	-100	-1	0	0	0	31	452	TRUE	999983	0.0359054029448424	0.490143900622614	3078	18	0.0246833292821248	25756000	16
20220920 022007	binary	custom	TRUE	TRUE	FALSE	-100	-1	0	0	0	31	225	TRUE	999983	0.0364274838498328	0.509065957190702	3076	16	0.023022005264007	25898000	17
20220920 022126	binary	custom	TRUE	TRUE	FALSE	-100	-1	0	0	0	31	620	TRUE	999983	0.0350050505634164	0.501331925807521	3075	16	0.0239558533767122	25738000	18
20220920 022217	binary	custom	TRUE	TRUE	FALSE	-100	-1	0	0	0	31	350	TRUE	999983	0.0361022776955273	0.50741842005495	3079	18	0.0244573960224225	25754000	19
20220920 022249	binary	custom	TRUE	TRUE	FALSE	-100	-1	0	0	0	31	150	TRUE	999983	0.0365834199080709	0.492624467993854	3076	17	0.0227726639833418	25268000	20
20220920 022354	binary	custom	TRUE	TRUE	FALSE	-100	-1	0	0	0	31	460	TRUE	999983	0.035772516374628	0.501645575670843	3077	17	0.0236454794193138	25720000	21
20220920 022454	binary	custom	TRUE	TRUE	FALSE	-100	-1	0	0	0	31	395	TRUE	999983	0.0355762283053882	0.506431773436731	3076	16	0.022542738033997	25976000	22
20220920 022550	binary	custom	TRUE	TRUE	FALSE	-100	-1	0	0	0	31	401	TRUE	999983	0.0351131552273221	0.496907232700051	3075	16	0.0225648965977854	25802000	23
20220920 022639	binary	custom	TRUE	TRUE	FALSE	-100	-1	0	0	0	31	336	TRUE	999983	0.0361498533519907	0.502143832657943	3075	16	0.0226096880403912	26012000	24
20220920 022744	binary	custom	TRUE	TRUE	FALSE	-100	-1	0	0	0	31	491	TRUE	999983	0.0362573560779821	0.498713367950078	3076	17	0.0249994132371212	25952000	25
20220920 022835	binary	custom	TRUE	TRUE	FALSE	-100	-1	0	0	0	31	325	TRUE	999983	0.0369690680560544	0.505501170354947	3077	18	0.0241425699136249	25784000	26
20220920 022942	binary	custom	TRUE	TRUE	FALSE	-100	-1	0	0	0	31	537	TRUE	999983	0.0356950100785014	0.499187450496731	3075	17	0.0230841948089219	26128000	27
20220920 023014	binary	custom	TRUE	TRUE	FALSE	-100	-1	0	0	0	31	131	TRUE	999983	0.0364145588519266	0.50983017381486	3076	18	0.0243569383017719	25642000	28
20220920 023054	binary	custom	TRUE	TRUE	FALSE	-100	-1	0	0	0	31	241	TRUE	999983	0.0350286869336814	0.508429265931277	3075	18	0.0236799528937775	25506000	29
20220920 023157	binary	custom	TRUE	TRUE	FALSE	-100	-1	0	0	0	31	486	TRUE	999983	0.0351699296662086	0.498489441205971	3078	18	0.0227918369122391	25780000	30
20220920 023315	binary	custom	TRUE	TRUE	FALSE	-100	-1	0	0	0	31	672	TRUE	999983	0.035758385759851	0.505039000825831	3079	17	0.0245264127156773	25850000	31
20220920 023356	binary	custom	TRUE	TRUE	FALSE	-100	-1	0	0	0	31	177	TRUE	999983	0.0360015435871268	0.500866475624959	3079	18	0.0232311037563416	25834000	32
20220920 023506	binary	custom	TRUE	TRUE	FALSE	-100	-1	0	0	0	31	448	TRUE	999983	0.03666531742542	0.505320523136035	3078	18	0.0233639452238585	25408000	33
20220920 023543	binary	custom	TRUE	TRUE	FALSE	-100	-1	0	0	0	31	187	TRUE	999983	0.0357891533063697	0.509456108881119	3076	17	0.0227816869985301	25838000	34
20220920 023618	binary	custom	TRUE	TRUE	FALSE	-100	-1	0	0	0	31	191	TRUE	999983	0.0360477742417669	0.491986422393164	3075	18	0.0237522519550781	25852000	35
20220920 023655	binary	custom	TRUE	TRUE	FALSE	-100	-1	0	0	0	31	191	TRUE	999983	0.036767471519697	0.49087292316671	3077	18	0.0238181175315793	25722000	36
20220920 023759	binary	custom	TRUE	TRUE	FALSE	-100	-1	0	0	0	31	515	TRUE	999983	0.0365674283339684	0.504915077596456	3076	16	0.0242258021904383	26046000	37
20220920 023915	binary	custom	TRUE	TRUE	FALSE	-100	-1	0	0	0	31	562	TRUE	999983	0.0364973501534555	0.509875308540724	3075	16	0.02439299343283	26272000	38
20220920 024007	binary	custom	TRUE	TRUE	FALSE	-100	-1	0	0	0	31	396	TRUE	999983	0.0361639501098888	0.490832842533831	3076	17	0.0245194822768809	25788000	39
20220920 024042	binary	custom	TRUE	TRUE	FALSE	-100	-1	0	0	0	31	158	TRUE	999983	0.03511575924912	0.504895680427095	3078	18	0.024203793497911	25366000	40
20220920 024147	binary	custom	TRUE	TRUE	FALSE	-100	-1	0	0	0	31	523	TRUE	999983	0.0352931143540549	0.505358123118482	3077	16	0.0231414054830075	25920000	41
20220920 024223	binary	custom	TRUE	TRUE	FALSE	-100	-1	0	0	0	31	201	TRUE	999983	0.0350405052991803	0.495378516553794	3078	16	0.0234908965574141	25426000	42
20220920 024310	binary	custom	TRUE	TRUE	FALSE	-100	-1	0	0	0	31	310	TRUE	999983	0.0364519324728386	0.507748613920862	3075	16	0.0244432678365481	26110000	43
20220920 024409	binary	custom	TRUE	TRUE	FALSE	-100	-1	0	0	0	31	455	TRUE	999983	0.0366975155429736	0.508917978046555	3075	16	0.0243490614360864	26282000	44
20220920 024458	binary	custom	TRUE	TRUE	FALSE	-100	-1	0	0	0	31	305	TRUE	999983	0.0369885091517158	0.509671681932272	3075	16	0.0242119809623343	26170000	45
20220920 024559	binary	custom	TRUE	TRUE	FALSE	-100	-1	0	0	0	31	476	TRUE	999983	0.0366773587840724	0.50966671884783	3076	16	0.0243462575918138	26002000	46
20220920 024723	binary	custom	TRUE	TRUE	FALSE	-100	-1	0	0	0	31	734	TRUE	999983	0.0351913143808833	0.501111367341041	3075	17	0.0232883035962325	25744000	47
20220920 024835	binary	custom	TRUE	TRUE	FALSE	-100	-1	0	0	0	31	597	TRUE	999983	0.0352543278946471	0.504665863108612	3077	17	0.0243874224784595	25968000	48
20220920 024933	binary	custom	TRUE	TRUE	FALSE	-100	-1	0	0	0	31	447	TRUE	999983	0.0362861338122484	0.509997453099108	3075	16	0.0243160321886485	26108000	49
20220920 025033	binary	custom	TRUE	TRUE	FALSE	-100	-1	0	0	0	31	493	TRUE	999983	0.0366566798010052	0.509994248907946	3075	16	0.0243184671286105	25786000	50
20220920 025131	binary	custom	TRUE	TRUE	FALSE	-100	-1	0	0	0	31	446	TRUE	999983	0.0367109967284017	0.508309275140522	3075	16	0.0245324505326308	25792000	51
20220920 025244	binary	custom	TRUE	TRUE	FALSE	-100	-1	0	0	0	31	542	TRUE	999983	0.0357386866129269	0.502989700854966	3075	17	0.0246152606864949	26034000	52
20220920 025345	binary	custom	TRUE	TRUE	FALSE	-100	-1	0	0	0	31	435	TRUE	999983	0.0358977316802698	0.492816784661729	3079	17	0.0241631715016731	26342000	53
20220920 025437	binary	custom	TRUE	TRUE	FALSE	-100	-1	0	0	0	31	379	TRUE	999983	0.0369848426148058	0.493132501442712	3078	18	0.0230107731749344	25778000	54
20220920 025516	binary	custom	TRUE	TRUE	FALSE	-100	-1	0	0	0	31	195	TRUE	999983	0.0366698765351945	0.503320932641327	3078	16	0.0242125496766524	25768000	55
20220920 025623	binary	custom	TRUE	TRUE	FALSE	-100	-1	0	0	0	31	543	TRUE	999983	0.0351108715083739	0.508674835559986	3078	17	0.0239224571490462	25702000	56
20220920 025717	binary	custom	TRUE	TRUE	FALSE	-100	-1	0	0	0	31	384	TRUE	999983	0.0369188030361417	0.504806621853109	3078	17	0.024335936407171	26176000	57
20220920 025749	binary	custom	TRUE	TRUE	FALSE	-100	-1	0	0	0	31	155	TRUE	999983	0.0360068216975541	0.500275174055658	3076	18	0.0225842636526871	25608000	58
20220920 025829	binary	custom	TRUE	TRUE	FALSE	-100	-1	0	0	0	31	224	TRUE	999983	0.0363819251597067	0.508252389240712	3077	17	0.0236262017934496	26034000	59
20220920 025918	binary	custom	TRUE	TRUE	FALSE	-100	-1	0	0	0	31	356	TRUE	999983	0.0358948776337802	0.493772607301208	3075	17	0.0242924599159672	25940000	60
20220920 030008	binary	custom	TRUE	TRUE	FALSE	-100	-1	0	0	0	31	324	TRUE	999983	0.0363611356391334	0.505381527624181	3075	18	0.0239261551513756	25996000	61
20220920 030045	binary	custom	TRUE	TRUE	FALSE	-100	-1	0	0	0	31	213	TRUE	999983	0.0357363859476256	0.504705737789953	3076	17	0.0234821178759105	25812000	62
20220920 030132	binary	custom	TRUE	TRUE	FALSE	-100	-1	0	0	0	31	302	TRUE	999983	0.0367800782980165	0.494014422543263	3076	18	0.0234388171915256	25902000	63
20220920 030230	binary	custom	TRUE	TRUE	FALSE	-100	-1	0	0	0	31	456	TRUE	999983	0.03672413177511	0.509636398311956	3077	17	0.0226369763920968	25690000	64
20220920 030306	binary	custom	TRUE	TRUE	FALSE	-100	-1	0	0	0	31	175	TRUE	999983	0.0362437227697498	0.503812870965316	3079	17	0.0229579722091503	25600000	65
20220920 030404	binary	custom	TRUE	TRUE	FALSE	-100	-1	0	0	0	31	263	TRUE	999983	0.0358111794763929	0.497515489660832	3075	16	0.0231851334092201	26034000	66
20220920 030513	binary	custom	TRUE	TRUE	FALSE	-100	-1	0	0	0	31	565	TRUE	999983	0.0369241725457213	0.502586281038569	3075	18	0.0244575315267639	25938000	67
20220920 030610	binary	custom	TRUE	TRUE	FALSE	-100	-1	0	0	0	31	363	TRUE	999983	0.036748074311784	0.494917633280298	3079	18	0.0249514439446054	26264000	68
20220920 030646	binary	custom	TRUE	TRUE	FALSE	-100	-1	0	0	0	31	189	TRUE	999983	0.0354113255622801	0.495192656191867	3077	17	0.0226579556603153	25872000	69
20220920 030751	binary	custom	TRUE	TRUE	FALSE	-100	-1	0	0	0	31	505	TRUE	999983	0.0351291033170987	0.492962163824779	3078	17	0.0246620936541574	25962000	70
20220920 030848	binary	custom	TRUE	TRUE	FALSE	-100	-1	0	0	0	31	444	TRUE	999983	0.0359886858263481	0.501452301980569	3075	17	0.0235504533344076	25874000	71
20220920 030959	binary	custom	TRUE	TRUE	FALSE	-100	-1	0	0	0	31	574	TRUE	999983	0.0369524459281303	0.50718488891826	3079	17	0.0230819924298103	26138000	72
20220920 031050	binary	custom	TRUE	TRUE	FALSE	-100	-1	0	0	0	31	357	TRUE	999983	0.0353261674022768	0.507818895181152	3077	16	0.0226968439482996	25874000	73
20220920 031128	binary	custom	TRUE	TRUE	FALSE	-100	-1	0	0	0	31	208	TRUE	999983	0.0366346548775509	0.491784657982341	3077	16	0.0234333133067971	25580000	74
20220920 031232	binary	custom	TRUE	TRUE	FALSE	-100	-1	0	0	0	31	537	TRUE	999983	0.03530716073468	0.492232037877198	3077	16	0.0243982291013357	25872000	75
20220920 031335	binary	custom	TRUE	TRUE	FALSE	-100	-1	0	0	0	31	492	TRUE	999983	0.0357957761474508	0.499713196454258	3078	17	0.0239854617672041	26012000	76
20220920 031438	binary	custom	TRUE	TRUE	FALSE	-100	-1	0	0	0	31	500	TRUE	999983	0.0364209862022991	0.493203877349105	3075	17	0.024749062576557	25878000	77
20220920 031545	binary	custom	TRUE	TRUE	FALSE	-100	-1	0	0	0	31	532	TRUE	999983	0.0358669169695941	0.500659728684691	3077	17	0.0242635351383861	26186000	78
20220920 031649	binary	custom	TRUE	TRUE	FALSE	-100	-1	0	0	0	31	443	TRUE	999983	0.0353754616097081	0.499843598770397	3079	18	0.024551625392061	25892000	79
20220920 031726	binary	custom	TRUE	TRUE	FALSE	-100	-1	0	0	0	31	194	TRUE	999983	0.0359660831691618	0.502229463834153	3077	17	0.0232656625936122	25426000	80
20220920 031815	binary	custom	TRUE	TRUE	FALSE	-100	-1	0	0	0	31	349	TRUE	999983	0.036798143660028	0.507653694038396	3075	16	0.0239821212674485	25898000	81
20220920 031856	binary	custom	TRUE	TRUE	FALSE	-100	-1	0	0	0	31	231	TRUE	999983	0.0352793508379441	0.506816123676966	3079	17	0.0226466170675523	24970000	82
20220920 031948	binary	custom	TRUE	TRUE	FALSE	-100	-1	0	0	0	31	351	TRUE	999983	0.0369333836932038	0.502481475600861	3075	17	0.024959746415196	25814000	83
20220920 032048	binary	custom	TRUE	TRUE	FALSE	-100	-1	0	0	0	31	458	TRUE	999983	0.0363670385558605	0.491198545177011	3077	16	0.023705038213653	26392000	84
20220920 032130	binary	custom	TRUE	TRUE	FALSE	-100	-1	0	0	0	31	263	TRUE	999983	0.0350358049350046	0.493421118956022	3076	17	0.0248114784205292	25678000	85
20220920 032234	binary	custom	TRUE	TRUE	FALSE	-100	-1	0	0	0	31	498	TRUE	999983	0.0367423331990005	0.496116620653812	3075	18	0.0236374681382824	26042000	86
20220920 032322	binary	custom	TRUE	TRUE	FALSE	-100	-1	0	0	0	31	313	TRUE	999983	0.035221542904844	0.495060940140388	3076	18	0.0249855196553323	25738000	87
20220920 032426	binary	custom	TRUE	TRUE	FALSE	-100	-1	0	0	0	31	499	TRUE	999983	0.0369761390268519	0.503093314670012	3078	17	0.0233744712253654	25788000	88
20220920 032504	binary	custom	TRUE	TRUE	FALSE	-100	-1	0	0	0	31	215	TRUE	999983	0.0368692495563831	0.506149106673025	3079	17	0.0235985677620547	25944000	89
20220920 032615	binary	custom	TRUE	TRUE	FALSE	-100	-1	0	0	0	31	591	TRUE	999983	0.036633318930781	0.497771755902884	3075	16	0.02334044852558	25858000	90
20220920 032727	binary	custom	TRUE	TRUE	FALSE	-100	-1	0	0	0	31	547	TRUE	999983	0.0357004732990749	0.498893811492217	3079	16	0.0246062453791994	25876000	91
20220920 032819	binary	custom	TRUE	TRUE	FALSE	-100	-1	0	0	0	31	369	TRUE	999983	0.0353766078029634	0.502811101329736	3075	16	0.0248828619771288	26126000	92
20220920 032913	binary	custom	TRUE	TRUE	FALSE	-100	-1	0	0	0	31	374	TRUE	999983	0.0366377304915139	0.50468194068938	3078	18	0.024772678271301	25678000	93
20220920 033009	binary	custom	TRUE	TRUE	FALSE	-100	-1	0	0	0	31	418	TRUE	999983	0.0362581682749232	0.505651410966497	3075	16	0.0230759635470429	25942000	94
20220920 033043	binary	custom	TRUE	TRUE	FALSE	-100	-1	0	0	0	31	149	TRUE	999983	0.0363574071408445	0.505591222787425	3076	18	0.0227186153235281	25748000	95
20220920 033148	binary	custom	TRUE	TRUE	FALSE	-100	-1	0	0	0	31	524	TRUE	999983	0.0368347966376985	0.499689966133866	3076	18	0.0228888085814589	26036000	96
20220920 033222	binary	custom	TRUE	TRUE	FALSE	-100	-1	0	0	0	31	174	TRUE	999983	0.0350023901850549	0.499100861438829	3075	17	0.02485378752477	25344000	97
20220920 033258	binary	custom	TRUE	TRUE	FALSE	-100	-1	0	0	0	31	175	TRUE	999983	0.0353974545419873	0.49799915303444	3077	18	0.02462269235696	25438000	98
20220920 033349	binary	custom	TRUE	TRUE	FALSE	-100	-1	0	0	0	31	361	TRUE	999983	0.0369297606829638	0.500636751997648	3076	17	0.023120150134986	26070000	99
20220920 033455	binary	custom	TRUE	TRUE	FALSE	-100	-1	0	0	0	31	513	TRUE	999983	0.0354034797606482	0.503488691826006	3078	18	0.0249084168020991	25758000	100
20220920 033608	binary	custom	TRUE	TRUE	FALSE	-100	-1	0	0	0	31	601	TRUE	999983	0.0352899824048681	0.507829799491726	3079	16	0.0241067567991593	26164000	101
20220920 033644	binary	custom	TRUE	TRUE	FALSE	-100	-1	0	0	0	31	205	TRUE	999983	0.0350254915990508	0.490301138890018	3077	16	0.0228613881823205	25554000	102
20220920 033758	binary	custom	TRUE	TRUE	FALSE	-100	-1	0	0	0	31	576	TRUE	999983	0.0353298359914343	0.50465098787975	3075	16	0.0241033867088839	25884000	103
20220920 033856	binary	custom	TRUE	TRUE	FALSE	-100	-1	0	0	0	31	437	TRUE	999983	0.036394755046491	0.494107448384776	3078	17	0.0242816688698006	25978000	104
20220920 033935	binary	custom	TRUE	TRUE	FALSE	-100	-1	0	0	0	31	222	TRUE	999983	0.0358734327593371	0.491212988565713	3075	17	0.0230310429754993	25862000	105
20220920 034035	binary	custom	TRUE	TRUE	FALSE	-100	-1	0	0	0	31	455	TRUE	999983	0.0352333283273582	0.496999580253731	3076	17	0.02360765710896	25708000	106
20220920 034126	binary	custom	TRUE	TRUE	FALSE	-100	-1	0	0	0	31	374	TRUE	999983	0.0356330643525263	0.499574141642386	3077	16	0.0237108317401324	25880000	107
20220920 034224	binary	custom	TRUE	TRUE	FALSE	-100	-1	0	0	0	31	406	TRUE	999983	0.0351608268929431	0.504528329821085	3077	18	0.0239606351687672	25624000	108
20220920 034257	binary	custom	TRUE	TRUE	FALSE	-100	-1	0	0	0	31	167	TRUE	999983	0.0356106633887612	0.492759115824974	3079	16	0.0227792464917194	25444000	109
20220920 034334	binary	custom	TRUE	TRUE	FALSE	-100	-1	0	0	0	31	181	TRUE	999983	0.0361855665397076	0.509859931422835	3075	16	0.0226741350567131	25736000	110
20220920 034438	binary	custom	TRUE	TRUE	FALSE	-100	-1	0	0	0	31	492	TRUE	999983	0.0364273740259791	0.50294443913749	3079	18	0.0241961965602339	25844000	111
20220920 034520	binary	custom	TRUE	TRUE	FALSE	-100	-1	0	0	0	31	279	TRUE	999983	0.0364878137709135	0.508340593190961	3079	16	0.0236540506870364	25806000	112
20220920 034625	binary	custom	TRUE	TRUE	FALSE	-100	-1	0	0	0	31	508	TRUE	999983	0.0368409209916675	0.492242073322078	3076	16	0.0247805497805076	26508000	113
20220920 034703	binary	custom	TRUE	TRUE	FALSE	-100	-1	0	0	0	31	224	TRUE	999983	0.0367527667870391	0.501170394511842	3076	17	0.0232927163129905	25442000	114
20220920 034752	binary	custom	TRUE	TRUE	FALSE	-100	-1	0	0	0	31	307	TRUE	999983	0.0351278688814882	0.490634094577008	3076	16	0.0228190260537597	26012000	115
20220920 034849	binary	custom	TRUE	TRUE	FALSE	-100	-1	0	0	0	31	422	TRUE	999983	0.035340659809574	0.494836634636731	3079	16	0.0225960240962694	25944000	116
20220920 034941	binary	custom	TRUE	TRUE	FALSE	-100	-1	0	0	0	31	364	TRUE	999983	0.0366065838901084	0.508177069785679	3076	18	0.0228047139040416	25610000	117
20220920 035020	binary	custom	TRUE	TRUE	FALSE	-100	-1	0	0	0	31	227	TRUE	999983	0.036261754591038	0.4943722755139	3076	18	0.0233564593363216	25646000	118
20220920 035117	binary	custom	TRUE	TRUE	FALSE	-100	-1	0	0	0	31	407	TRUE	999983	0.0362206299196179	0.497209044023128	3076	18	0.0237873489140847	26416000	119
20220920 035151	binary	custom	TRUE	TRUE	FALSE	-100	-1	0	0	0	31	187	TRUE	999983	0.0368906239612489	0.500765089522935	3075	16	0.0239760627340147	25868000	120
