echa	objective	metric	first_metric_only	boost_from_average	feature_pre_filter	verbosity	max_depth	min_gain_to_split	lambda_l1	lambda_l2	max_bin	num_iterations	force_row_wise	seed	learning_rate	feature_fraction	min_data_in_leaf	num_leaves	prob_corte	ganancia	iteracion
20220919 150323	binary	custom	TRUE	TRUE	FALSE	-100	-1	0	0	0	31	1754	TRUE	999983	0.005003725057359	0.267982124911351	2626	139	0.026032742993626	26114000	103
20220919 132435	binary	custom	TRUE	TRUE	FALSE	-100	-1	0	0	0	31	646	TRUE	999983	0.022264122631136	0.394495966983956	3297	607	0.026709053483351	26080000	62
20220919 145503	binary	custom	TRUE	TRUE	FALSE	-100	-1	0	0	0	31	249	TRUE	999983	0.033129198722858	0.349053225414508	3343	317	0.025590042994621	26064000	101
20220919 130510	binary	custom	TRUE	TRUE	FALSE	-100	-1	0	0	0	31	314	TRUE	999983	0.029443526097347	0.403202047272031	3325	660	0.026090018417517	26062000	51
20220919 120103	binary	custom	TRUE	TRUE	FALSE	-100	-1	0	0	0	31	940	TRUE	999983	0.012580453888783	0.347814720703956	3620	592	0.025712659014377	26022000	24
20220919 124730	binary	custom	TRUE	TRUE	FALSE	-100	-1	0	0	0	31	1129	TRUE	999983	0.007628005175563	0.301316488572205	2770	1020	0.026178736277286	26020000	44
20220919 150738	binary	custom	TRUE	TRUE	FALSE	-100	-1	0	0	0	31	210	TRUE	999983	0.030045684609487	0.39510803041944	3386	204	0.026285738977176	25998000	105
20220919 133139	binary	custom	TRUE	TRUE	FALSE	-100	-1	0	0	0	31	1395	TRUE	999983	0.005048996612415	0.3970481276616	3457	462	0.022848695361255	25982000	64
20220919 125228	binary	custom	TRUE	TRUE	FALSE	-100	-1	0	0	0	31	1235	TRUE	999983	0.008750226120426	0.303860422596931	3190	577	0.025763337099916	25980000	46
20220919 121251	binary	custom	TRUE	TRUE	FALSE	-100	-1	0	0	0	31	2100	TRUE	999983	0.005487650533962	0.333932313054009	3232	487	0.026417699087107	25962000	28
20220919 121816	binary	custom	TRUE	TRUE	FALSE	-100	-1	0	0	0	31	1544	TRUE	999983	0.00506858891648	0.328965407907401	2816	633	0.026118982887973	25952000	30
20220919 135948	binary	custom	TRUE	TRUE	FALSE	-100	-1	0	0	0	31	1396	TRUE	999983	0.00759521446292	0.200337772704274	3335	70	0.022045548380651	25940000	74
20220919 141809	binary	custom	TRUE	TRUE	FALSE	-100	-1	0	0	0	31	1003	TRUE	999983	0.015032571174897	0.257517884045931	2832	17	0.023023444680372	25938000	82
20220919 145416	binary	custom	TRUE	TRUE	FALSE	-100	-1	0	0	0	31	2007	TRUE	999983	0.006218031285738	0.391290969549157	3310	631	0.027077542891586	25930000	100
20220919 150650	binary	custom	TRUE	TRUE	FALSE	-100	-1	0	0	0	31	1421	TRUE	999983	0.005881532799622	0.391674847683796	2706	25	0.022948270157334	25918000	104
20220919 113611	binary	custom	TRUE	TRUE	FALSE	-100	-1	0	0	0	31	310	TRUE	999983	0.027990161170717	0.357330542156706	2942	602	0.026804235993477	25916000	8
20220919 144946	binary	custom	TRUE	TRUE	FALSE	-100	-1	0	0	0	31	591	TRUE	999983	0.010141030954093	0.388559215366389	3280	602	0.02604538143708	25886000	99
20220919 151951	binary	custom	TRUE	TRUE	FALSE	-100	-1	0	0	0	31	578	TRUE	999983	0.020990518301879	0.348571257927528	3345	212	0.026070072425563	25886000	112
20220919 122057	binary	custom	TRUE	TRUE	FALSE	-100	-1	0	0	0	31	1172	TRUE	999983	0.010990286766362	0.338103964367183	3375	751	0.02547240586159	25878000	31
20220919 131626	binary	custom	TRUE	TRUE	FALSE	-100	-1	0	0	0	31	2393	TRUE	999983	0.005441808975154	0.507143483122502	3409	417	0.026279033691285	25876000	59
20220919 132745	binary	custom	TRUE	TRUE	FALSE	-100	-1	0	0	0	31	1175	TRUE	999983	0.005905033616308	0.354051372739565	3376	406	0.025759857567484	25870000	63
20220919 134936	binary	custom	TRUE	TRUE	FALSE	-100	-1	0	0	0	31	1478	TRUE	999983	0.005744216991576	0.261561577474433	2952	747	0.022030222978051	25848000	70
20220919 115754	binary	custom	TRUE	TRUE	FALSE	-100	-1	0	0	0	31	1031	TRUE	999983	0.006652704795051	0.587383854878605	3036	492	0.02643916201593	25834000	22
20220919 123825	binary	custom	TRUE	TRUE	FALSE	-100	-1	0	0	0	31	2010	TRUE	999983	0.005033535391192	0.350427054259613	3528	570	0.025872542297385	25832000	37
20220919 123248	binary	custom	TRUE	TRUE	FALSE	-100	-1	0	0	0	31	2484	TRUE	999983	0.005003372323667	0.360645044540361	2780	936	0.027959771165473	25828000	35
20220919 151737	binary	custom	TRUE	TRUE	FALSE	-100	-1	0	0	0	31	273	TRUE	999983	0.023560291886315	0.26413951706202	3060	49	0.025627396449896	25766000	110
20220919 151830	binary	custom	TRUE	TRUE	FALSE	-100	-1	0	0	0	31	283	TRUE	999983	0.029935558125549	0.350954298048855	3285	791	0.025835422892044	25766000	111
20220919 130222	binary	custom	TRUE	TRUE	FALSE	-100	-1	0	0	0	31	2533	TRUE	999983	0.005025652474105	0.498193735129425	2965	268	0.025973469386143	25762000	49
20220919 120811	binary	custom	TRUE	TRUE	FALSE	-100	-1	0	0	0	31	851	TRUE	999983	0.012456497283145	0.441667879820547	3577	645	0.025458175179435	25754000	27
20220919 120454	binary	custom	TRUE	TRUE	FALSE	-100	-1	0	0	0	31	1637	TRUE	999983	0.007050122000231	0.407517017391619	3425	53	0.026294582281873	25748000	25
20220919 143631	binary	custom	TRUE	TRUE	FALSE	-100	-1	0	0	0	31	496	TRUE	999983	0.014806138247843	0.396137863097887	2020	156	0.022101284363767	25746000	89
20220919 135407	binary	custom	TRUE	TRUE	FALSE	-100	-1	0	0	0	31	2138	TRUE	999983	0.005108395885549	0.239638432190358	2652	744	0.02569602808974	25738000	71
20220919 144511	binary	custom	TRUE	TRUE	FALSE	-100	-1	0	0	0	31	656	TRUE	999983	0.009771668023619	0.52004657475542	3344	593	0.025312316351737	25730000	96
20220919 132309	binary	custom	TRUE	TRUE	FALSE	-100	-1	0	0	0	31	817	TRUE	999983	0.007068261276389	0.32982078565251	2826	935	0.024027924201423	25698000	61
20220919 140639	binary	custom	TRUE	TRUE	FALSE	-100	-1	0	0	0	31	2854	TRUE	999983	0.005024961234244	0.366445784062375	3012	16	0.020653389030476	25698000	76
20220919 124936	binary	custom	TRUE	TRUE	FALSE	-100	-1	0	0	0	31	1042	TRUE	999983	0.012772955044955	0.254847602451486	3518	1009	0.025868099955017	25696000	45
20220919 143034	binary	custom	TRUE	TRUE	FALSE	-100	-1	0	0	0	31	1768	TRUE	999983	0.005311269282802	0.303438758634606	3208	62	0.023101035834965	25688000	85
20220919 124351	binary	custom	TRUE	TRUE	FALSE	-100	-1	0	0	0	31	197	TRUE	999983	0.027817791030504	0.321307451672901	2628	882	0.025887456333149	25672000	42
20220919 152801	binary	custom	TRUE	TRUE	FALSE	-100	-1	0	0	0	31	768	TRUE	999983	0.007213167450771	0.553863801568827	3818	259	0.026456440719562	25670000	118
20220919 115449	binary	custom	TRUE	TRUE	FALSE	-100	-1	0	0	0	31	479	TRUE	999983	0.014128491916252	0.30776563498714	2764	1023	0.027832501110128	25666000	21
20220919 144722	binary	custom	TRUE	TRUE	FALSE	-100	-1	0	0	0	31	716	TRUE	999983	0.008026540940723	0.404101040844505	3398	305	0.02241523310443	25666000	97
20220919 140905	binary	custom	TRUE	TRUE	FALSE	-100	-1	0	0	0	31	494	TRUE	999983	0.012750201105893	0.224048608231051	3335	605	0.025973238420144	25660000	78
20220919 125611	binary	custom	TRUE	TRUE	FALSE	-100	-1	0	0	0	31	991	TRUE	999983	0.006150301940339	0.240948638819304	2006	964	0.026717937420257	25652000	48
20220919 140946	binary	custom	TRUE	TRUE	FALSE	-100	-1	0	0	0	31	182	TRUE	999983	0.026884200899761	0.430658045499869	3373	654	0.026777941558971	25650000	79
20220919 143720	binary	custom	TRUE	TRUE	FALSE	-100	-1	0	0	0	31	260	TRUE	999983	0.02911260126883	0.396508967662427	2962	583	0.027394915537338	25650000	90
20220919 151042	binary	custom	TRUE	TRUE	FALSE	-100	-1	0	0	0	31	1023	TRUE	999983	0.005021522927235	0.281656527179852	2423	703	0.027590465576293	25642000	106
20220919 123343	binary	custom	TRUE	TRUE	FALSE	-100	-1	0	0	0	31	336	TRUE	999983	0.031485585581644	0.288141498991047	3421	971	0.026119488986702	25628000	36
20220919 134612	binary	custom	TRUE	TRUE	FALSE	-100	-1	0	0	0	31	1454	TRUE	999983	0.005070015630334	0.442911513639623	2173	89	0.024010058225913	25628000	69
20220919 123949	binary	custom	TRUE	TRUE	FALSE	-100	-1	0	0	0	31	474	TRUE	999983	0.010961571198548	0.246021790875607	3672	342	0.024524781478198	25616000	38
20220919 124304	binary	custom	TRUE	TRUE	FALSE	-100	-1	0	0	0	31	260	TRUE	999983	0.034278470505102	0.298809025777186	3276	579	0.026507548947469	25616000	41
20220919 141357	binary	custom	TRUE	TRUE	FALSE	-100	-1	0	0	0	31	2041	TRUE	999983	0.005899311877692	0.599830337101656	3705	671	0.025584674435569	25612000	80
20220919 130624	binary	custom	TRUE	TRUE	FALSE	-100	-1	0	0	0	31	360	TRUE	999983	0.030128438339838	0.641374547798666	3104	610	0.026146002644351	25604000	53
20220919 143501	binary	custom	TRUE	TRUE	FALSE	-100	-1	0	0	0	31	504	TRUE	999983	0.017687672776486	0.378662096354536	3277	665	0.025613033100776	25598000	88
20220919 130824	binary	custom	TRUE	TRUE	FALSE	-100	-1	0	0	0	31	407	TRUE	999983	0.028899824953853	0.328469532398818	3630	686	0.026216049054396	25584000	56
20220919 120600	binary	custom	TRUE	TRUE	FALSE	-100	-1	0	0	0	31	468	TRUE	999983	0.023067854415333	0.201852853219838	3413	701	0.026416143694496	25574000	26
20220919 122628	binary	custom	TRUE	TRUE	FALSE	-100	-1	0	0	0	31	1913	TRUE	999983	0.00519248976487	0.315121585959111	3930	614	0.026034262176566	25570000	33
20220919 141622	binary	custom	TRUE	TRUE	FALSE	-100	-1	0	0	0	31	1233	TRUE	999983	0.007625753749534	0.670205518489873	3555	448	0.026017660015095	25560000	81
20220919 143304	binary	custom	TRUE	TRUE	FALSE	-100	-1	0	0	0	31	882	TRUE	999983	0.006550493314223	0.635763382692301	2305	248	0.026933063057839	25556000	86
20220919 142258	binary	custom	TRUE	TRUE	FALSE	-100	-1	0	0	0	31	2647	TRUE	999983	0.005530639750649	0.238019360286302	4237	23	0.022816067103841	25554000	83
20220919 144221	binary	custom	TRUE	TRUE	FALSE	-100	-1	0	0	0	31	476	TRUE	999983	0.013820082635358	0.41434170498687	3099	49	0.022342900235295	25536000	94
20220919 152432	binary	custom	TRUE	TRUE	FALSE	-100	-1	0	0	0	31	963	TRUE	999983	0.014562446873825	0.316814412297499	3556	97	0.025481903406852	25530000	116
20220919 135703	binary	custom	TRUE	TRUE	FALSE	-100	-1	0	0	0	31	1099	TRUE	999983	0.009442987919492	0.279931077331765	3351	601	0.021182924937598	25520000	73
20220919 140123	binary	custom	TRUE	TRUE	FALSE	-100	-1	0	0	0	31	684	TRUE	999983	0.011040668095703	0.200065239108943	3252	115	0.024292988792539	25514000	75
20220919 145919	binary	custom	TRUE	TRUE	FALSE	-100	-1	0	0	0	31	1555	TRUE	999983	0.005022295875772	0.462640799259644	3459	185	0.023144848063015	25512000	102
20220919 132044	binary	custom	TRUE	TRUE	FALSE	-100	-1	0	0	0	31	1647	TRUE	999983	0.005048107933748	0.566824793376316	3855	214	0.022220369341397	25506000	60
20220919 143805	binary	custom	TRUE	TRUE	FALSE	-100	-1	0	0	0	31	233	TRUE	999983	0.024114183909146	0.401396535605916	3714	694	0.024965539526002	25506000	91
20220919 151206	binary	custom	TRUE	TRUE	FALSE	-100	-1	0	0	0	31	415	TRUE	999983	0.012946605255669	0.348163237852419	2111	385	0.022193360927618	25496000	107
20220919 130925	binary	custom	TRUE	TRUE	FALSE	-100	-1	0	0	0	31	395	TRUE	999983	0.030975495248353	0.419066661888566	2911	642	0.025563375432217	25490000	57
20220919 152930	binary	custom	TRUE	TRUE	FALSE	-100	-1	0	0	0	31	633	TRUE	999983	0.020542821264202	0.309174418366142	3147	773	0.027813136277628	25476000	119
20220919 152025	binary	custom	TRUE	TRUE	FALSE	-100	-1	0	0	0	31	174	TRUE	999983	0.034681037738657	0.348282660540053	2721	16	0.022452889896401	25474000	113
20220919 124222	binary	custom	TRUE	TRUE	FALSE	-100	-1	0	0	0	31	476	TRUE	999983	0.028414040306072	0.32419431349766	3631	599	0.023484323086896	25464000	40
20220919 130537	binary	custom	TRUE	TRUE	FALSE	-100	-1	0	0	0	31	220	TRUE	999983	0.038901244411477	0.665620584801225	5665	255	0.02021640813347	25458000	52
20220919 122208	binary	custom	TRUE	TRUE	FALSE	-100	-1	0	0	0	31	316	TRUE	999983	0.01338789117108	0.325674951006316	2876	502	0.026671542522567	25456000	32
20220919 152533	binary	custom	TRUE	TRUE	FALSE	-100	-1	0	0	0	31	355	TRUE	999983	0.019262319229605	0.285024720181017	2633	196	0.021785376149127	25450000	117
20220919 144051	binary	custom	TRUE	TRUE	FALSE	-100	-1	0	0	0	31	459	TRUE	999983	0.022946635304006	0.393994078923293	2335	559	0.026636955747715	25442000	93
20220919 153110	binary	custom	TRUE	TRUE	FALSE	-100	-1	0	0	0	31	692	TRUE	999983	0.014941664143198	0.342312280794817	3338	932	0.0227555646566	25422000	120
20220919 134044	binary	custom	TRUE	TRUE	FALSE	-100	-1	0	0	0	31	188	TRUE	999983	0.036991339791638	0.478477051848108	3407	922	0.02136599121589	25418000	67
20220919 121413	binary	custom	TRUE	TRUE	FALSE	-100	-1	0	0	0	31	547	TRUE	999983	0.021667788275551	0.3788512478992	3933	515	0.025668937311647	25402000	29
20220919 152226	binary	custom	TRUE	TRUE	FALSE	-100	-1	0	0	0	31	233	TRUE	999983	0.035381165149975	0.389784982289857	4165	212	0.023632585909644	25388000	115
20220919 142637	binary	custom	TRUE	TRUE	FALSE	-100	-1	0	0	0	31	1488	TRUE	999983	0.00500583516667	0.234620510445935	2098	55	0.021249690351176	25382000	84
20220919 140748	binary	custom	TRUE	TRUE	FALSE	-100	-1	0	0	0	31	421	TRUE	999983	0.017791201694044	0.301866049298021	3905	68	0.018229381398856	25376000	77
20220919 133959	binary	custom	TRUE	TRUE	FALSE	-100	-1	0	0	0	31	2337	TRUE	999983	0.005073681630574	0.599710203069445	3383	350	0.020393215557132	25342000	66
20220919 113745	binary	custom	TRUE	TRUE	FALSE	-100	-1	0	0	0	31	385	TRUE	999983	0.025232642182556	0.588588036043802	6516	249	0.019377735862508	25326000	10
20220919 131050	binary	custom	TRUE	TRUE	FALSE	-100	-1	0	0	0	31	429	TRUE	999983	0.01217804344771	0.404990784894394	3148	828	0.026372742736139	25322000	58
20220919 143342	binary	custom	TRUE	TRUE	FALSE	-100	-1	0	0	0	31	343	TRUE	999983	0.035067993142908	0.200138978901382	3264	16	0.021534079027545	25322000	87
20220919 152146	binary	custom	TRUE	TRUE	FALSE	-100	-1	0	0	0	31	670	TRUE	999983	0.015571381961546	0.200061997846738	4182	82	0.02129488557221	25288000	114
20220919 133506	binary	custom	TRUE	TRUE	FALSE	-100	-1	0	0	0	31	1070	TRUE	999983	0.005114850253579	0.489775331358615	3634	148	0.028156817408912	25272000	65
20220919 134152	binary	custom	TRUE	TRUE	FALSE	-100	-1	0	0	0	31	467	TRUE	999983	0.011034686308099	0.672593589846061	4549	26	0.024038517098174	25258000	68
20220919 151601	binary	custom	TRUE	TRUE	FALSE	-100	-1	0	0	0	31	1294	TRUE	999983	0.005099748486189	0.392428257319676	2088	458	0.019883878368204	25258000	108
20220919 124117	binary	custom	TRUE	TRUE	FALSE	-100	-1	0	0	0	31	495	TRUE	999983	0.011889532118659	0.317868882480878	3643	658	0.028233334274254	25256000	39
20220919 114404	binary	custom	TRUE	TRUE	FALSE	-100	-1	0	0	0	31	308	TRUE	999983	0.035444513167895	0.692786408291431	5841	807	0.02539937324691	25250000	13
20220919 124439	binary	custom	TRUE	TRUE	FALSE	-100	-1	0	0	0	31	219	TRUE	999983	0.029704445543827	0.48076271549208	3218	84	0.026347335677734	25248000	43
20220919 115839	binary	custom	TRUE	TRUE	FALSE	-100	-1	0	0	0	31	182	TRUE	999983	0.027768053625093	0.563616149108528	2141	661	0.028048597639341	25230000	23
20220919 144308	binary	custom	TRUE	TRUE	FALSE	-100	-1	0	0	0	31	389	TRUE	999983	0.032663554164825	0.200605512744726	3175	846	0.025674277523962	25170000	95
20220919 130729	binary	custom	TRUE	TRUE	FALSE	-100	-1	0	0	0	31	237	TRUE	999983	0.033152368588619	0.562459631885263	5443	703	0.019471251488578	25162000	55
20220919 113122	binary	custom	TRUE	TRUE	FALSE	-100	-1	0	0	0	31	354	TRUE	999983	0.040319146085822	0.623266068438534	4046	70	0.030715062750387	25150000	3
20220919 144759	binary	custom	TRUE	TRUE	FALSE	-100	-1	0	0	0	31	185	TRUE	999983	0.023193700289788	0.620749679594202	3305	247	0.023994332634837	25134000	98
20220919 151651	binary	custom	TRUE	TRUE	FALSE	-100	-1	0	0	0	31	336	TRUE	999983	0.045784317733245	0.396287472557204	3507	767	0.026226931057802	25118000	109
20220919 143937	binary	custom	TRUE	TRUE	FALSE	-100	-1	0	0	0	31	647	TRUE	999983	0.010950776233971	0.202735071895792	2781	270	0.02421612903586	25100000	92
20220919 125312	binary	custom	TRUE	TRUE	FALSE	-100	-1	0	0	0	31	197	TRUE	999983	0.028010638833379	0.333009774320123	3027	989	0.027999632096578	25094000	47
20220919 113156	binary	custom	TRUE	TRUE	FALSE	-100	-1	0	0	0	31	153	TRUE	999983	0.04178682367201	0.45337490849779	7062	684	0.022574626342102	25062000	4
20220919 130414	binary	custom	TRUE	TRUE	FALSE	-100	-1	0	0	0	31	753	TRUE	999983	0.012712421437635	0.336106683651916	5523	470	0.025504732950138	25040000	50
20220919 114652	binary	custom	TRUE	TRUE	FALSE	-100	-1	0	0	0	31	284	TRUE	999983	0.017599632712372	0.663406754040625	2063	962	0.017439941898047	25008000	17
20220919 113037	binary	custom	TRUE	TRUE	FALSE	-100	-1	0	0	0	31	244	TRUE	999983	0.04591712248727	0.555237701238366	6194	768	0.029307920650026	24988000	2
20220919 122701	binary	custom	TRUE	TRUE	FALSE	-100	-1	0	0	0	31	158	TRUE	999983	0.047212791265971	0.572143966071007	2797	802	0.025677220770434	24952000	34
20220919 114455	binary	custom	TRUE	TRUE	FALSE	-100	-1	0	0	0	31	343	TRUE	999983	0.050418589646462	0.393342668999685	2583	293	0.020189558141574	24838000	14
20220919 130649	binary	custom	TRUE	TRUE	FALSE	-100	-1	0	0	0	31	146	TRUE	999983	0.040845502994502	0.598714322041786	6111	171	0.025723980279888	24780000	54
20220919 135439	binary	custom	TRUE	TRUE	FALSE	-100	-1	0	0	0	31	158	TRUE	999983	0.045972601949091	0.273993335018057	5654	932	0.024463281072081	24648000	72
20220919 115217	binary	custom	TRUE	TRUE	FALSE	-100	-1	0	0	0	31	2429	TRUE	999983	0.010235904520436	0.2325512517069	2862	486	0.012509792939381	24554000	19
20220919 114553	binary	custom	TRUE	TRUE	FALSE	-100	-1	0	0	0	31	152	TRUE	999983	0.058982148387586	0.204587185761193	4647	1023	0.034868579788308	24482000	16
20220919 112958	binary	custom	TRUE	TRUE	FALSE	-100	-1	0	0	0	31	285	TRUE	999983	0.052688279370428	0.299157665245002	5195	337	0.032009144501208	24376000	1
20220919 113519	binary	custom	TRUE	TRUE	FALSE	-100	-1	0	0	0	31	736	TRUE	999983	0.014961464469088	0.5203979268088	5372	863	0.035396682702558	24108000	7
20220919 114805	binary	custom	TRUE	TRUE	FALSE	-100	-1	0	0	0	31	644	TRUE	999983	0.023165865875024	0.303071844897931	7800	669	0.014950761583168	24106000	18
20220919 113232	binary	custom	TRUE	TRUE	FALSE	-100	-1	0	0	0	31	159	TRUE	999983	0.033453587830358	0.348902071965858	3306	117	0.038762943468464	24046000	5
20220919 115321	binary	custom	TRUE	TRUE	FALSE	-100	-1	0	0	0	31	436	TRUE	999983	0.032118769015069	0.495916311291512	4765	418	0.037012789433939	23722000	20
20220919 114135	binary	custom	TRUE	TRUE	FALSE	-100	-1	0	0	0	31	1309	TRUE	999983	0.00505612900242	0.438433146913303	3596	178	0.043238806707668	23490000	11
20220919 113329	binary	custom	TRUE	TRUE	FALSE	-100	-1	0	0	0	31	546	TRUE	999983	0.020376840942539	0.628366229543462	7331	525	0.042237611126766	22912000	6
20220919 114326	binary	custom	TRUE	TRUE	FALSE	-100	-1	0	0	0	31	887	TRUE	999983	0.011926955480361	0.261497647390934	6329	458	0.047989815928304	22180000	12
20220919 114530	binary	custom	TRUE	TRUE	FALSE	-100	-1	0	0	0	31	213	TRUE	999983	0.048043117716909	0.534584011381958	7615	897	0.045651468289725	22116000	15
20220919 113650	binary	custom	TRUE	TRUE	FALSE	-100	-1	0	0	0	31	172	TRUE	999983	0.057057353679498	0.408698133379221	4337	59	0.049860764534969	21824000	9
