fecha	objective	metric	first_metric_only	boost_from_average	feature_pre_filter	verbosity	max_depth	min_gain_to_split	lambda_l1	lambda_l2	max_bin	num_iterations	force_row_wise	seed	learning_rate	feature_fraction	min_data_in_leaf	num_leaves	prob_corte	ganancia	iteracion
20220925 031521	binary	custom	TRUE	TRUE	FALSE	-100	-1	0	0	0	31	58	TRUE	757577	0.2055852854033	0.827108854372054	6668	132	0.0638752227639331	26186000	1
20220925 031632	binary	custom	TRUE	TRUE	FALSE	-100	-1	0	0	0	31	88	TRUE	757577	0.178594730149955	0.550129106873646	5845	398	0.118278106272702	23076000	2
20220925 031713	binary	custom	TRUE	TRUE	FALSE	-100	-1	0	0	0	31	50	TRUE	757577	0.148457186674117	0.923642244404182	3602	332	0.0561585918557685	26088000	3
20220925 031809	binary	custom	TRUE	TRUE	FALSE	-100	-1	0	0	0	31	45	TRUE	757577	0.167195806012838	0.300381048889831	2550	490	0.0682711625254427	26433500	4
20220925 032053	binary	custom	TRUE	TRUE	FALSE	-100	-1	0	0	0	31	377	TRUE	757577	0.0539617026711348	0.605250071231276	2841	539	0.0454818800289505	27287000	5
20220925 032132	binary	custom	TRUE	TRUE	FALSE	-100	-1	0	0	0	31	45	TRUE	757577	0.229347817603266	0.841414568051696	4106	599	0.0801485381499497	26149500	6
20220925 032211	binary	custom	TRUE	TRUE	FALSE	-100	-1	0	0	0	31	22	TRUE	757577	0.248864639235311	0.662695497786626	1313	928	0.108102374891635	23093000	7
20220925 032254	binary	custom	TRUE	TRUE	FALSE	-100	-1	0	0	0	31	55	TRUE	757577	0.131813859649817	0.579065846102312	5202	24	0.0327547705742771	24880000	8
20220925 032436	binary	custom	TRUE	TRUE	FALSE	-100	-1	0	0	0	31	131	TRUE	757577	0.109701138952398	0.374271511994302	4802	268	0.0821729530320034	26058000	9
20220925 032533	binary	custom	TRUE	TRUE	FALSE	-100	-1	0	0	0	31	27	TRUE	757577	0.257601200490259	0.494968747133389	1759	994	0.0399240467022028	26583000	10
20220925 032828	binary	custom	TRUE	TRUE	FALSE	-100	-1	0	0	0	31	343	TRUE	757577	0.0495929444161011	0.245980884823948	6844	748	0.0921873844957907	25846000	11
20220925 032956	binary	custom	TRUE	TRUE	FALSE	-100	-1	0	0	0	31	32	TRUE	757577	0.277517345841741	0.895749178361148	240	702	0.0246711349406175	22799000	12
20220925 033042	binary	custom	TRUE	TRUE	FALSE	-100	-1	0	0	0	31	108	TRUE	757577	0.191444134054706	0.791498073032126	7771	184	0.102744141351164	24563000	13
20220925 033354	binary	custom	TRUE	TRUE	FALSE	-100	-1	0	0	0	31	140	TRUE	757577	0.030883958931081	0.759112924737856	564	314	0.0729160091905892	27429500	14
20220925 034348	binary	custom	TRUE	TRUE	FALSE	-100	-1	0	0	0	31	1214	TRUE	757577	0.0878177602320211	0.466494289841503	7354	466	0.0160302011283861	25212000	15
20220925 034652	binary	custom	TRUE	TRUE	FALSE	-100	-1	0	0	0	31	267	TRUE	757577	0.0758570942620281	0.410502965021878	2383	909	0.0318155762689226	27762500	16
20220925 034746	binary	custom	TRUE	TRUE	FALSE	-100	-1	0	0	0	31	46	TRUE	757577	0.214432898020837	0.339214801695198	6196	807	0.0880556408404835	24698500	17
20220925 034845	binary	custom	TRUE	TRUE	FALSE	-100	-1	0	0	0	31	114	TRUE	757577	0.118346950461157	0.989536955850199	3532	842	0.100533922727296	24914000	18
20220925 035210	binary	custom	TRUE	TRUE	FALSE	-100	-1	0	0	0	31	233	TRUE	757577	0.0235337666387204	0.226156003214419	997	670	0.123377820515393	23078000	19
20220925 035242	binary	custom	TRUE	TRUE	FALSE	-100	-1	0	0	0	31	35	TRUE	757577	0.297206560839433	0.697930820994079	4455	77	0.0523477324856928	25810500	20
20220925 040234	binary	custom	TRUE	TRUE	FALSE	-100	-1	0	0	0	31	808	TRUE	757577	0.0121480598789117	0.387506590207307	2366	987	0.0440229729704529	27363000	21
20220925 040545	binary	custom	TRUE	TRUE	FALSE	-100	-1	0	0	0	31	292	TRUE	757577	0.0698955654059853	0.381180097196471	2934	803	0.037021809036376	27277500	22
20220925 041134	binary	custom	TRUE	TRUE	FALSE	-100	-1	0	0	0	31	624	TRUE	757577	0.0101972675357441	0.628703724504705	2723	507	0.0657505853289613	27126500	23
20220925 043126	binary	custom	TRUE	TRUE	FALSE	-100	-1	0	0	0	31	1861	TRUE	757577	0.0119399136520281	0.517680940442986	2407	1003	0.0322456534622709	28428500	24
20220925 044607	binary	custom	TRUE	TRUE	FALSE	-100	-1	0	0	0	31	2552	TRUE	757577	0.0104819241060271	0.600604067221758	2959	1024	0.0317520442130533	28566500	25
20220925 045930	binary	custom	TRUE	TRUE	FALSE	-100	-1	0	0	0	31	1415	TRUE	757577	0.011612399823241	0.545636068792083	4956	1024	0.0318733027358247	25816500	26
20220925 051020	binary	custom	TRUE	TRUE	FALSE	-100	-1	0	0	0	31	1706	TRUE	757577	0.0114436238478871	0.73353691640053	2644	1024	0.0328152007392933	27892000	27
20220925 053058	binary	custom	TRUE	TRUE	FALSE	-100	-1	0	0	0	31	2201	TRUE	757577	0.0111669532500396	0.543464095545199	2769	1024	0.0238260627261398	27463500	28
20220925 053304	binary	custom	TRUE	TRUE	FALSE	-100	-1	0	0	0	31	254	TRUE	757577	0.116407222074592	0.570119882947113	2889	1020	0.033963236559038	27397500	29
20220925 054643	binary	custom	TRUE	TRUE	FALSE	-100	-1	0	0	0	31	2255	TRUE	757577	0.0102229028891321	0.597693994962738	2751	895	0.0318346470865873	27951000	30
20220925 055317	binary	custom	TRUE	TRUE	FALSE	-100	-1	0	0	0	31	753	TRUE	757577	0.010174586587631	0.890904662919854	2529	50	0.0746703486958736	27143500	31
20220925 060048	binary	custom	TRUE	TRUE	FALSE	-100	-1	0	0	0	31	370	TRUE	757577	0.0105198308830424	0.545070552703494	1059	59	0.0618875057478186	27326000	32
20220925 061410	binary	custom	TRUE	TRUE	FALSE	-100	-1	0	0	0	31	1628	TRUE	757577	0.0106495643940548	0.209229059899455	1466	312	0.0486353267436138	27823000	33
20220925 062628	binary	custom	TRUE	TRUE	FALSE	-100	-1	0	0	0	31	633	TRUE	757577	0.0104274035651377	0.463134916849498	590	532	0.0536680584773134	27671500	34
20220925 063433	binary	custom	TRUE	TRUE	FALSE	-100	-1	0	0	0	31	196	TRUE	757577	0.0100229185892708	0.445633923366179	9	179	0.046036611440863	25167500	35
20220925 064143	binary	custom	TRUE	TRUE	FALSE	-100	-1	0	0	0	31	665	TRUE	757577	0.0103297864287566	0.201488516292177	1916	511	0.0533324707483961	27371500	36
20220925 064845	binary	custom	TRUE	TRUE	FALSE	-100	-1	0	0	0	31	399	TRUE	757577	0.0100717262272461	0.998424496150201	925	525	0.0625224356985213	27408000	37
20220925 070123	binary	custom	TRUE	TRUE	FALSE	-100	-1	0	0	0	31	484	TRUE	757577	0.0100217876568929	0.474777721007466	399	908	0.0650945169977008	27453500	38
20220925 071113	binary	custom	TRUE	TRUE	FALSE	-100	-1	0	0	0	31	454	TRUE	757577	0.0100862670477852	0.297749960487768	388	500	0.0642545170716211	27511000	39
20220925 071204	binary	custom	TRUE	TRUE	FALSE	-100	-1	0	0	0	31	50	TRUE	757577	0.275070079176752	0.200426482181096	1296	444	0.0495273080972811	24563500	40
20220925 072310	binary	custom	TRUE	TRUE	FALSE	-100	-1	0	0	0	31	565	TRUE	757577	0.0100019028444933	0.506122613602014	1275	661	0.0764926428823687	27061000	41
20220925 072506	binary	custom	TRUE	TRUE	FALSE	-100	-1	0	0	0	31	110	TRUE	757577	0.062692016486761	0.581526223896186	1013	707	0.0601665666654217	27236500	42
20220925 074548	binary	custom	TRUE	TRUE	FALSE	-100	-1	0	0	0	31	2329	TRUE	757577	0.0101128789801764	0.3581182822652	3277	224	0.0489570400830873	27597500	43
20220925 074828	binary	custom	TRUE	TRUE	FALSE	-100	-1	0	0	0	31	7	TRUE	757577	0.0962638594390865	0.999227554558539	11	1022	0.0731859850001367	10398500	44
20220925 075657	binary	custom	TRUE	TRUE	FALSE	-100	-1	0	0	0	31	52	TRUE	757577	0.0145849126763112	0.464171115221366	4	916	0.0375710126591539	12369500	45
20220925 075937	binary	custom	TRUE	TRUE	FALSE	-100	-1	0	0	0	31	219	TRUE	757577	0.0743751680273328	0.350738251779668	2495	726	0.0644543772846261	26273000	46
20220925 080229	binary	custom	TRUE	TRUE	FALSE	-100	-1	0	0	0	31	379	TRUE	757577	0.0760905223226002	0.21252744445461	4276	803	0.0342317247182668	26527500	47
20220925 080826	binary	custom	TRUE	TRUE	FALSE	-100	-1	0	0	0	31	661	TRUE	757577	0.0118991230450562	0.873877254995332	2297	67	0.0440426727592129	27046000	48
20220925 081050	binary	custom	TRUE	TRUE	FALSE	-100	-1	0	0	0	31	304	TRUE	757577	0.0765412352069091	0.831008274848565	2183	54	0.0331464104972223	27638000	49
20220925 081441	binary	custom	TRUE	TRUE	FALSE	-100	-1	0	0	0	31	335	TRUE	757577	0.0773676090526193	0.449224582493988	2156	976	0.0346529982826717	27464000	50
20220925 081634	binary	custom	TRUE	TRUE	FALSE	-100	-1	0	0	0	31	68	TRUE	757577	0.0763887949618615	0.509823910509923	1010	716	0.10745142862521	23642500	51
20220925 081927	binary	custom	TRUE	TRUE	FALSE	-100	-1	0	0	0	31	478	TRUE	757577	0.0771095885346699	0.917217641219209	3194	451	0.0172144951878117	25818500	52
20220925 082210	binary	custom	TRUE	TRUE	FALSE	-100	-1	0	0	0	31	12	TRUE	757577	0.0103551393947477	0.879627717505969	3640	957	0.0189636277462352	20416000	53
20220925 084404	binary	custom	TRUE	TRUE	FALSE	-100	-1	0	0	0	31	2208	TRUE	757577	0.0109110676645558	0.455323894079479	2906	757	0.0375644063711615	27946000	54
20220925 084617	binary	custom	TRUE	TRUE	FALSE	-100	-1	0	0	0	31	255	TRUE	757577	0.0729695156161855	0.81350685188786	2061	503	0.033925437054792	27338000	55
20220925 091819	binary	custom	TRUE	TRUE	FALSE	-100	-1	0	0	0	31	3654	TRUE	757577	0.0100377230357159	0.387419286380466	2658	309	0.0264481212038075	28194500	56
20220925 092021	binary	custom	TRUE	TRUE	FALSE	-100	-1	0	0	0	31	205	TRUE	757577	0.0664436602831762	0.720833858241985	1834	605	0.047808959058994	27596500	57
20220925 092700	binary	custom	TRUE	TRUE	FALSE	-100	-1	0	0	0	31	546	TRUE	757577	0.010260465787882	0.756492219501471	1460	325	0.0542555201523691	27190000	58
20220925 094401	binary	custom	TRUE	TRUE	FALSE	-100	-1	0	0	0	31	2294	TRUE	757577	0.011069436744109	0.226723039194379	2483	36	0.0302925410296067	27941000	59
20220925 094732	binary	custom	TRUE	TRUE	FALSE	-100	-1	0	0	0	31	302	TRUE	757577	0.0636104585575218	0.403039877477861	2690	423	0.0405413501577432	27856000	60
20220925 094841	binary	custom	TRUE	TRUE	FALSE	-100	-1	0	0	0	31	125	TRUE	757577	0.282407296464927	0.662498067075489	2101	144	0.0172240430189517	25178000	61
20220925 095830	binary	custom	TRUE	TRUE	FALSE	-100	-1	0	0	0	31	457	TRUE	757577	0.0101288527064708	0.498292063469556	1042	409	0.0686346235592131	27323500	62
20220925 095937	binary	custom	TRUE	TRUE	FALSE	-100	-1	0	0	0	31	67	TRUE	757577	0.0645850289737591	0.783888046319314	2944	506	0.065447687226559	26449500	63
20220925 100218	binary	custom	TRUE	TRUE	FALSE	-100	-1	0	0	0	31	309	TRUE	757577	0.0639643058716669	0.893613370924973	1625	839	0.0291637619718517	27097500	64
20220925 100548	binary	custom	TRUE	TRUE	FALSE	-100	-1	0	0	0	31	310	TRUE	757577	0.0600085072208203	0.548764584869233	2125	344	0.0447355759983818	28118000	65
20220925 100748	binary	custom	TRUE	TRUE	FALSE	-100	-1	0	0	0	31	210	TRUE	757577	0.0574464456272494	0.604898770495477	1932	919	0.0499615109374421	27135500	66
20220925 101907	binary	custom	TRUE	TRUE	FALSE	-100	-1	0	0	0	31	766	TRUE	757577	0.0100157837325815	0.420294609232232	1467	287	0.0790320892219253	26983000	67
20220925 102119	binary	custom	TRUE	TRUE	FALSE	-100	-1	0	0	0	31	157	TRUE	757577	0.058036398621672	0.337061536535729	3304	131	0.0359829419001377	26289000	68
20220925 102446	binary	custom	TRUE	TRUE	FALSE	-100	-1	0	0	0	31	287	TRUE	757577	0.0626415256471476	0.450263383815595	1553	31	0.044032015007242	27919000	69
20220925 102702	binary	custom	TRUE	TRUE	FALSE	-100	-1	0	0	0	31	230	TRUE	757577	0.0752686466072062	0.204093417491131	1261	67	0.0366159864534885	27674000	70
20220925 103957	binary	custom	TRUE	TRUE	FALSE	-100	-1	0	0	0	31	1754	TRUE	757577	0.0114968320787499	0.988998701019825	1824	330	0.0254066980438061	27731000	71
20220925 104914	binary	custom	TRUE	TRUE	FALSE	-100	-1	0	0	0	31	1158	TRUE	757577	0.0105661026678644	0.207053392481006	6816	402	0.0485111970120612	27137000	72
20220925 110952	binary	custom	TRUE	TRUE	FALSE	-100	-1	0	0	0	31	2005	TRUE	757577	0.0116638417330268	0.448857630551948	2197	616	0.0274145436930935	27866500	73
20220925 111244	binary	custom	TRUE	TRUE	FALSE	-100	-1	0	0	0	31	260	TRUE	757577	0.06842146601677	0.308994050296287	1599	38	0.030140552361064	27570000	74
20220925 111317	binary	custom	TRUE	TRUE	FALSE	-100	-1	0	0	0	31	21	TRUE	757577	0.298641678620031	0.729425508231374	2716	178	0.0900479662585568	24544500	75
20220925 112908	binary	custom	TRUE	TRUE	FALSE	-100	-1	0	0	0	31	1571	TRUE	757577	0.0102202144494818	0.474301301580666	7708	525	0.0731415806477887	26162000	76
20220925 113012	binary	custom	TRUE	TRUE	FALSE	-100	-1	0	0	0	31	84	TRUE	757577	0.294730324406866	0.200459823765889	2219	1024	0.0277215378678903	25081500	77
20220925 113924	binary	custom	TRUE	TRUE	FALSE	-100	-1	0	0	0	31	594	TRUE	757577	0.0100186913121441	0.435024712360152	2886	1008	0.0593691274638203	27292000	78
20220925 114118	binary	custom	TRUE	TRUE	FALSE	-100	-1	0	0	0	31	137	TRUE	757577	0.0810004742807109	0.240849081951944	1040	225	0.051693677956304	27200500	79
20220925 114149	binary	custom	TRUE	TRUE	FALSE	-100	-1	0	0	0	31	31	TRUE	757577	0.203000676277151	0.648922272231297	3702	16	0.0713254758151883	25273500	80
20220925 114821	binary	custom	TRUE	TRUE	FALSE	-100	-1	0	0	0	31	1064	TRUE	757577	0.0101373480969168	0.999126037874527	5668	373	0.0790265305998382	25808500	81
20220925 114849	binary	custom	TRUE	TRUE	FALSE	-100	-1	0	0	0	31	26	TRUE	757577	0.290281892288032	0.960037297974459	7998	367	0.0481617272786544	25999500	82
20220925 120025	binary	custom	TRUE	TRUE	FALSE	-100	-1	0	0	0	31	1051	TRUE	757577	0.0110962854522545	0.473846274016085	7998	24	0.0526077283910375	27013000	83
20220925 120115	binary	custom	TRUE	TRUE	FALSE	-100	-1	0	0	0	31	49	TRUE	757577	0.281486262621614	0.224918124005587	7996	250	0.0572557193397968	26585500	84
20220925 120437	binary	custom	TRUE	TRUE	FALSE	-100	-1	0	0	0	31	649	TRUE	757577	0.0160702551023327	0.99361686706891	443	16	0.0636466998350298	27402500	85
20220925 120625	binary	custom	TRUE	TRUE	FALSE	-100	-1	0	0	0	31	183	TRUE	757577	0.0975699467123047	0.9734772755945	1714	299	0.0239837334729458	26710000	86
20220925 122122	binary	custom	TRUE	TRUE	FALSE	-100	-1	0	0	0	31	1419	TRUE	757577	0.0100324607975384	0.452066649255472	5230	496	0.054251723139929	26913000	87
20220925 124945	binary	custom	TRUE	TRUE	FALSE	-100	-1	0	0	0	31	4653	TRUE	757577	0.0100464518284435	0.207130209648427	7996	721	0.0377239411241777	27374500	88
20220925 125139	binary	custom	TRUE	TRUE	FALSE	-100	-1	0	0	0	31	142	TRUE	757577	0.0738484477717309	0.333605513584517	7999	1017	0.0525657735901355	26963000	89
20220925 130509	binary	custom	TRUE	TRUE	FALSE	-100	-1	0	0	0	31	1466	TRUE	757577	0.0180071022119579	0.487758080244236	7994	608	0.0494488769602778	27352500	90
20220925 131438	binary	custom	TRUE	TRUE	FALSE	-100	-1	0	0	0	31	1108	TRUE	757577	0.0111062131567015	0.20059019709699	3446	561	0.0796461123059964	26124500	91
20220925 133830	binary	custom	TRUE	TRUE	FALSE	-100	-1	0	0	0	31	2437	TRUE	757577	0.0101458571872946	0.443530197864352	2915	1021	0.0300453428520521	27917500	92
20220925 135511	binary	custom	TRUE	TRUE	FALSE	-100	-1	0	0	0	31	1451	TRUE	757577	0.0108721635485839	0.459540163064317	2093	588	0.0500466695533773	27528500	93
20220925 140359	binary	custom	TRUE	TRUE	FALSE	-100	-1	0	0	0	31	902	TRUE	757577	0.0281078111749427	0.36840969831055	2210	198	0.0242543837930197	27566500	94
20220925 140745	binary	custom	TRUE	TRUE	FALSE	-100	-1	0	0	0	31	201	TRUE	757577	0.0384015920342395	0.38521103931079	692	210	0.0572895057157553	27700000	95
20220925 141007	binary	custom	TRUE	TRUE	FALSE	-100	-1	0	0	0	31	257	TRUE	757577	0.0921445227236448	0.208485077821573	2189	241	0.0415834167572786	27305500	96
20220925 143409	binary	custom	TRUE	TRUE	FALSE	-100	-1	0	0	0	31	2695	TRUE	757577	0.0132269236580424	0.405786659789377	3161	1012	0.0340018578579457	27592500	97
20220925 143539	binary	custom	TRUE	TRUE	FALSE	-100	-1	0	0	0	31	97	TRUE	757577	0.192617385923326	0.398912382357482	2934	1000	0.0418923122558611	26967000	98
20220925 143902	binary	custom	TRUE	TRUE	FALSE	-100	-1	0	0	0	31	408	TRUE	757577	0.0732418085589693	0.554093613829714	6288	1022	0.0411366823646265	27337500	99
20220925 143953	binary	custom	TRUE	TRUE	FALSE	-100	-1	0	0	0	31	51	TRUE	757577	0.161283745353662	0.203695218656255	4899	987	0.0584343090805042	25795500	100
20220925 145522	binary	custom	TRUE	TRUE	FALSE	-100	-1	0	0	0	31	2220	TRUE	757577	0.0102593210831932	0.579183003473491	2303	328	0.0307600558737002	28180500	101
20220925 145757	binary	custom	TRUE	TRUE	FALSE	-100	-1	0	0	0	31	191	TRUE	757577	0.0566113778156552	0.426154671804004	7720	262	0.0409852321006548	26192500	102
20220925 145910	binary	custom	TRUE	TRUE	FALSE	-100	-1	0	0	0	31	150	TRUE	757577	0.0648194104232994	0.602858019037387	6304	762	0.0611992806403259	26900000	103
20220925 150520	binary	custom	TRUE	TRUE	FALSE	-100	-1	0	0	0	31	1309	TRUE	757577	0.010041870975756	0.731463133131312	580	16	0.0876381590964634	25956500	104
20220925 150628	binary	custom	TRUE	TRUE	FALSE	-100	-1	0	0	0	31	53	TRUE	757577	0.246784662650405	0.507359039271358	4243	1006	0.0401452407134652	26175000	105
20220925 150733	binary	custom	TRUE	TRUE	FALSE	-100	-1	0	0	0	31	59	TRUE	757577	0.299921012311845	0.439220569833067	7183	760	0.0457014394279487	25728000	106
20220925 151557	binary	custom	TRUE	TRUE	FALSE	-100	-1	0	0	0	31	1016	TRUE	757577	0.0110322885690773	0.200415662981653	5801	22	0.0597219451627965	27014000	107
20220925 151832	binary	custom	TRUE	TRUE	FALSE	-100	-1	0	0	0	31	424	TRUE	757577	0.0252060068830312	0.997979286085019	7992	891	0.0558949468986562	26984500	108
20220925 152431	binary	custom	TRUE	TRUE	FALSE	-100	-1	0	0	0	31	1035	TRUE	757577	0.0101095242839647	0.776247597086866	7996	370	0.0592414594645013	27065000	109
20220925 152929	binary	custom	TRUE	TRUE	FALSE	-100	-1	0	0	0	31	932	TRUE	757577	0.0150832134513091	0.841123046322009	7988	1023	0.097489240774921	24865000	110
20220925 153546	binary	custom	TRUE	TRUE	FALSE	-100	-1	0	0	0	31	385	TRUE	757577	0.0100140318725028	0.212177077942147	1223	1017	0.0640779835666175	27270000	111
20220925 154305	binary	custom	TRUE	TRUE	FALSE	-100	-1	0	0	0	31	1208	TRUE	757577	0.0100816566799287	0.674167148688703	5831	1015	0.0515645696788201	27392500	112
20220925 154752	binary	custom	TRUE	TRUE	FALSE	-100	-1	0	0	0	31	688	TRUE	757577	0.0350123629547774	0.625564177000406	2280	1024	0.0289869223209493	27857500	113
20220925 155011	binary	custom	TRUE	TRUE	FALSE	-100	-1	0	0	0	31	184	TRUE	757577	0.163647722197566	0.534323718006152	2475	1023	0.0264969280489023	26559500	114
20220925 155109	binary	custom	TRUE	TRUE	FALSE	-100	-1	0	0	0	31	33	TRUE	757577	0.230460558338188	0.429612659808517	2805	981	0.0590993823851004	25963500	115
20220925 155139	binary	custom	TRUE	TRUE	FALSE	-100	-1	0	0	0	31	52	TRUE	757577	0.272434782669373	0.74838780832625	387	16	0.0372389010454173	23884500	116
20220925 155253	binary	custom	TRUE	TRUE	FALSE	-100	-1	0	0	0	31	4	TRUE	757577	0.0368692253942084	0.202384764423458	2531	416	0.0157535584173665	18242500	117
20220925 160557	binary	custom	TRUE	TRUE	FALSE	-100	-1	0	0	0	31	2235	TRUE	757577	0.0126897277240199	0.724182755716192	2911	53	0.0250339060048474	27608500	118
20220925 161110	binary	custom	TRUE	TRUE	FALSE	-100	-1	0	0	0	31	608	TRUE	757577	0.0178148487420995	0.999147448183911	2179	683	0.0415124494492203	28235000	119
20220925 161527	binary	custom	TRUE	TRUE	FALSE	-100	-1	0	0	0	31	1002	TRUE	757577	0.111676521031265	0.999240677146119	7235	17	0.0156705096854046	25031000	120
