fecha	objective	metric	first_metric_only	boost_from_average	feature_pre_filter	verbosity	max_depth	min_gain_to_split	lambda_l1	lambda_l2	max_bin	num_iterations	force_row_wise	seed	learning_rate	feature_fraction	min_data_in_leaf	num_leaves	prob_corte	ganancia	iteracion
20220924 145545	binary	custom	TRUE	TRUE	FALSE	-100	-1	0	0	0	31	49	TRUE	762101	0.202828416591394	0.712604912025854	5687	600	0.0465806157751649	26232000	1
20220924 145651	binary	custom	TRUE	TRUE	FALSE	-100	-1	0	0	0	31	56	TRUE	762101	0.102761718171067	0.971972870538011	2641	298	0.0639247248723405	26106000	2
20220924 145750	binary	custom	TRUE	TRUE	FALSE	-100	-1	0	0	0	31	66	TRUE	762101	0.15515661708347	0.667135014412925	3494	770	0.0677397800577455	26060000	3
20220924 145933	binary	custom	TRUE	TRUE	FALSE	-100	-1	0	0	0	31	86	TRUE	762101	0.143730547173182	0.306462799925357	3707	233	0.0877711977410945	23808000	4
20220924 150033	binary	custom	TRUE	TRUE	FALSE	-100	-1	0	0	0	31	100	TRUE	762101	0.230885914529441	0.625609709033742	5475	471	0.0483070670576126	25984000	5
20220924 150344	binary	custom	TRUE	TRUE	FALSE	-100	-1	0	0	0	31	119	TRUE	762101	0.0659313225994119	0.462700406387448	1820	432	0.0925063966825837	23698000	6
20220924 150916	binary	custom	TRUE	TRUE	FALSE	-100	-1	0	0	0	31	345	TRUE	762101	0.0447591780116782	0.425579199353233	4741	989	0.0244199168954219	25354000	7
20220924 151016	binary	custom	TRUE	TRUE	FALSE	-100	-1	0	0	0	31	13	TRUE	762101	0.28513642925513	0.550504803424701	686	554	0.0402075998848886	24442000	8
20220924 151107	binary	custom	TRUE	TRUE	FALSE	-100	-1	0	0	0	31	50	TRUE	762101	0.132672773521161	0.801244117151946	4997	408	0.0773542812427331	25202000	9
20220924 151200	binary	custom	TRUE	TRUE	FALSE	-100	-1	0	0	0	31	53	TRUE	762101	0.269733726171195	0.874992370568216	2956	773	0.0342788786448364	26678000	10
20220924 151250	binary	custom	TRUE	TRUE	FALSE	-100	-1	0	0	0	31	36	TRUE	762101	0.218225389012252	0.793283153129742	2167	158	0.0538674853480188	25396000	11
20220924 151505	binary	custom	TRUE	TRUE	FALSE	-100	-1	0	0	0	31	61	TRUE	762101	0.0917336688338546	0.492405310207978	1454	832	0.0578463211319468	26502000	12
20220924 152219	binary	custom	TRUE	TRUE	FALSE	-100	-1	0	0	0	31	1073	TRUE	762101	0.0255204119755654	0.889273902224377	4370	335	0.0280573902538163	27272000	13
20220924 152307	binary	custom	TRUE	TRUE	FALSE	-100	-1	0	0	0	31	66	TRUE	762101	0.290184443912935	0.581420269813389	6388	714	0.069916454750346	24724000	14
20220924 152539	binary	custom	TRUE	TRUE	FALSE	-100	-1	0	0	0	31	186	TRUE	762101	0.070207733506686	0.236930085550994	6550	209	0.0993140194253647	23542000	15
20220924 153029	binary	custom	TRUE	TRUE	FALSE	-100	-1	0	0	0	31	428	TRUE	762101	0.196895339744748	0.343947207769379	6823	928	0.0174044084949128	25088000	16
20220924 153141	binary	custom	TRUE	TRUE	FALSE	-100	-1	0	0	0	31	42	TRUE	762101	0.254423983156681	0.275983929941431	849	59	0.034486498242477	24914000	17
20220924 153550	binary	custom	TRUE	TRUE	FALSE	-100	-1	0	0	0	31	604	TRUE	762101	0.0244763793437742	0.750828796653077	7300	909	0.0820539449942589	25180000	18
20220924 153728	binary	custom	TRUE	TRUE	FALSE	-100	-1	0	0	0	31	16	TRUE	762101	0.181351557976683	0.948381478227675	370	660	0.0833902297118038	21914000	19
20220924 154635	binary	custom	TRUE	TRUE	FALSE	-100	-1	0	0	0	31	812	TRUE	762101	0.111656149957096	0.397131821811199	7812	86	0.0150982870992448	25092000	20
20220924 154955	binary	custom	TRUE	TRUE	FALSE	-100	-1	0	0	0	31	379	TRUE	762101	0.0456636355754496	0.983667098613613	3404	471	0.0385090620371653	27548000	21
20220924 155614	binary	custom	TRUE	TRUE	FALSE	-100	-1	0	0	0	31	516	TRUE	762101	0.0104176518789169	0.883553177928157	3269	769	0.0510661301533713	27024000	22
20220924 155827	binary	custom	TRUE	TRUE	FALSE	-100	-1	0	0	0	31	253	TRUE	762101	0.101966998610143	0.99903432989883	3429	326	0.0307543963864955	27070000	23
20220924 160621	binary	custom	TRUE	TRUE	FALSE	-100	-1	0	0	0	31	818	TRUE	762101	0.0101111915757278	0.835100870577946	3800	105	0.039977223021799	27286000	24
20220924 161011	binary	custom	TRUE	TRUE	FALSE	-100	-1	0	0	0	31	483	TRUE	762101	0.0330863560241768	0.999956747318353	4417	391	0.0393997094831446	27058000	25
20220924 161609	binary	custom	TRUE	TRUE	FALSE	-100	-1	0	0	0	31	693	TRUE	762101	0.0279972092585644	0.783518429926963	2731	461	0.0345485744456105	27874000	26
20220924 162007	binary	custom	TRUE	TRUE	FALSE	-100	-1	0	0	0	31	8	TRUE	762101	0.0100597098915854	0.889745646412215	2138	452	0.0127569260025944	19540000	27
20220924 163142	binary	custom	TRUE	TRUE	FALSE	-100	-1	0	0	0	31	1557	TRUE	762101	0.0101025725468691	0.57510573024578	4243	283	0.0339070631519393	27220000	28
20220924 163811	binary	custom	TRUE	TRUE	FALSE	-100	-1	0	0	0	31	512	TRUE	762101	0.0101171331318097	0.857310135292846	3159	768	0.0354574143322354	26616000	29
20220924 164238	binary	custom	TRUE	TRUE	FALSE	-100	-1	0	0	0	31	494	TRUE	762101	0.0395978184879985	0.852016933620239	2468	200	0.0358035060261287	27688000	30
20220924 164556	binary	custom	TRUE	TRUE	FALSE	-100	-1	0	0	0	31	286	TRUE	762101	0.0323505857760235	0.734614719547661	2632	409	0.0443124989349703	27568000	31
20220924 164657	binary	custom	TRUE	TRUE	FALSE	-100	-1	0	0	0	31	109	TRUE	762101	0.196918902838915	0.723827038856489	7314	447	0.0281946760973505	25340000	32
20220924 164930	binary	custom	TRUE	TRUE	FALSE	-100	-1	0	0	0	31	264	TRUE	762101	0.0609511554972113	0.677915301307947	2862	410	0.0346016489863608	27476000	33
20220924 165953	binary	custom	TRUE	TRUE	FALSE	-100	-1	0	0	0	31	1273	TRUE	762101	0.0155051029310673	0.929380624713619	2697	340	0.0332216099175317	27978000	34
20220924 171156	binary	custom	TRUE	TRUE	FALSE	-100	-1	0	0	0	31	673	TRUE	762101	0.010212033251765	0.343537124127689	4003	496	0.0581494412069316	26818000	35
20220924 172504	binary	custom	TRUE	TRUE	FALSE	-100	-1	0	0	0	31	1145	TRUE	762101	0.0107250434525186	0.990818064434174	1502	401	0.0383178338686991	28222000	36
20220924 173720	binary	custom	TRUE	TRUE	FALSE	-100	-1	0	0	0	31	194	TRUE	762101	0.0104320742497949	0.979684818487995	146	402	0.034232712240174	27102000	37
20220924 173828	binary	custom	TRUE	TRUE	FALSE	-100	-1	0	0	0	31	72	TRUE	762101	0.0959146810621537	0.979045789197693	5693	1024	0.0591965793455644	26238000	38
20220924 175007	binary	custom	TRUE	TRUE	FALSE	-100	-1	0	0	0	31	1144	TRUE	762101	0.0104538885411267	0.959292141657996	2021	379	0.0392395375222626	27680000	39
20220924 175736	binary	custom	TRUE	TRUE	FALSE	-100	-1	0	0	0	31	779	TRUE	762101	0.0113344577056192	0.988015822943081	3728	45	0.0466839436257931	27176000	40
20220924 181047	binary	custom	TRUE	TRUE	FALSE	-100	-1	0	0	0	31	1152	TRUE	762101	0.0101223365019959	0.84121963269631	1476	410	0.0374456669670643	28360000	41
20220924 182356	binary	custom	TRUE	TRUE	FALSE	-100	-1	0	0	0	31	1020	TRUE	762101	0.0102045350265856	0.203511302106281	1347	312	0.048184604208416	28524000	42
20220924 183952	binary	custom	TRUE	TRUE	FALSE	-100	-1	0	0	0	31	576	TRUE	762101	0.0100625785701734	0.422772155841875	631	470	0.0480580612711528	27820000	43
20220924 184925	binary	custom	TRUE	TRUE	FALSE	-100	-1	0	0	0	31	785	TRUE	762101	0.0148366677180476	0.200203095391192	3216	321	0.0479623418486088	27834000	44
20220924 190407	binary	custom	TRUE	TRUE	FALSE	-100	-1	0	0	0	31	1137	TRUE	762101	0.0101502155180845	0.207373068589817	1353	28	0.0497501897292943	28106000	45
20220924 191231	binary	custom	TRUE	TRUE	FALSE	-100	-1	0	0	0	31	574	TRUE	762101	0.0139821333005891	0.20499306050236	1315	331	0.045384274666618	28154000	46
20220924 191840	binary	custom	TRUE	TRUE	FALSE	-100	-1	0	0	0	31	380	TRUE	762101	0.0195682503464476	0.200522333114917	1498	479	0.0503211192257433	27822000	47
20220924 192334	binary	custom	TRUE	TRUE	FALSE	-100	-1	0	0	0	31	316	TRUE	762101	0.0275396541707425	0.21461255599407	1363	143	0.0475477889679638	28282000	48
20220924 193424	binary	custom	TRUE	TRUE	FALSE	-100	-1	0	0	0	31	1793	TRUE	762101	0.0103594262421794	0.701365646440838	7979	279	0.048925163834257	26844000	49
20220924 195002	binary	custom	TRUE	TRUE	FALSE	-100	-1	0	0	0	31	1084	TRUE	762101	0.0102091143213879	0.363109995304645	7973	43	0.0662887631643744	25986000	50
20220924 200130	binary	custom	TRUE	TRUE	FALSE	-100	-1	0	0	0	31	907	TRUE	762101	0.010010906204793	0.708414108847496	1441	277	0.0484521136111889	28014000	51
20220924 200900	binary	custom	TRUE	TRUE	FALSE	-100	-1	0	0	0	31	352	TRUE	762101	0.0100603393719878	0.217518146606261	34	64	0.0603401947670152	26318000	52
20220924 202233	binary	custom	TRUE	TRUE	FALSE	-100	-1	0	0	0	31	1115	TRUE	762101	0.0101961638252232	0.21606658040678	2292	1017	0.0639023682875206	26966000	53
20220924 202843	binary	custom	TRUE	TRUE	FALSE	-100	-1	0	0	0	31	854	TRUE	762101	0.0100580296502968	0.782150192617393	1245	18	0.0377333482251672	27630000	54
20220924 203809	binary	custom	TRUE	TRUE	FALSE	-100	-1	0	0	0	31	599	TRUE	762101	0.0101405103297144	0.209583370975012	2189	195	0.0708308591172374	26644000	55
20220924 204425	binary	custom	TRUE	TRUE	FALSE	-100	-1	0	0	0	31	560	TRUE	762101	0.0460274870636166	0.279328114453992	7984	1016	0.0543158720776824	26994000	56
20220924 205442	binary	custom	TRUE	TRUE	FALSE	-100	-1	0	0	0	31	790	TRUE	762101	0.0105242471443921	0.224394579972814	5352	988	0.0719418364652158	26022000	57
20220924 205528	binary	custom	TRUE	TRUE	FALSE	-100	-1	0	0	0	31	46	TRUE	762101	0.299076653708554	0.901944839248045	7978	1024	0.0527840927206807	25644000	58
20220924 210839	binary	custom	TRUE	TRUE	FALSE	-100	-1	0	0	0	31	1286	TRUE	762101	0.012055562443647	0.749396757747636	1614	394	0.0299291564750405	28292000	59
20220924 212757	binary	custom	TRUE	TRUE	FALSE	-100	-1	0	0	0	31	1884	TRUE	762101	0.010348742708831	0.200973464143396	2031	335	0.0293903887873388	28104000	60
20220924 214603	binary	custom	TRUE	TRUE	FALSE	-100	-1	0	0	0	31	2298	TRUE	762101	0.0102537599273183	0.725582790735741	2599	46	0.0290542889099534	27828000	61
20220924 214708	binary	custom	TRUE	TRUE	FALSE	-100	-1	0	0	0	31	47	TRUE	762101	0.299542150024524	0.860824094182384	1658	654	0.0274724998460718	24482000	62
20220924 215705	binary	custom	TRUE	TRUE	FALSE	-100	-1	0	0	0	31	1544	TRUE	762101	0.0103249655032814	0.872691018036257	7475	18	0.0553667509556333	26474000	63
20220924 220536	binary	custom	TRUE	TRUE	FALSE	-100	-1	0	0	0	31	456	TRUE	762101	0.0103598629693678	0.21194447962123	1525	1019	0.0478670721849467	28052000	64
20220924 222900	binary	custom	TRUE	TRUE	FALSE	-100	-1	0	0	0	31	1456	TRUE	762101	0.0105703242937291	0.423062625000518	1661	435	0.0315812344822654	28364000	65
20220924 224621	binary	custom	TRUE	TRUE	FALSE	-100	-1	0	0	0	31	1261	TRUE	762101	0.0100269490337347	0.264859427611938	1422	432	0.0377435235711568	28374000	66
20220924 230320	binary	custom	TRUE	TRUE	FALSE	-100	-1	0	0	0	31	1858	TRUE	762101	0.0139181399817514	0.215542984877812	7513	20	0.0426328109714708	27344000	67
20220924 230453	binary	custom	TRUE	TRUE	FALSE	-100	-1	0	0	0	31	70	TRUE	762101	0.101196561871199	0.968977865077415	1548	1024	0.047845647141343	26700000	68
20220924 230721	binary	custom	TRUE	TRUE	FALSE	-100	-1	0	0	0	31	323	TRUE	762101	0.0400335922472527	0.87756748546384	7973	16	0.0378620910624926	26666000	69
20220924 230905	binary	custom	TRUE	TRUE	FALSE	-100	-1	0	0	0	31	119	TRUE	762101	0.156266530829632	0.249086400917013	7988	19	0.0441144679464571	27344000	70
20220924 231038	binary	custom	TRUE	TRUE	FALSE	-100	-1	0	0	0	31	125	TRUE	762101	0.266302912885307	0.207252592193267	7999	925	0.0381850883923944	26084000	71
20220924 231154	binary	custom	TRUE	TRUE	FALSE	-100	-1	0	0	0	31	74	TRUE	762101	0.158385152079622	0.202129764756046	7989	189	0.057280717930993	26200000	72
20220924 231234	binary	custom	TRUE	TRUE	FALSE	-100	-1	0	0	0	31	37	TRUE	762101	0.290697773964432	0.999555779302005	7968	27	0.0425025977750795	26190000	73
20220924 231517	binary	custom	TRUE	TRUE	FALSE	-100	-1	0	0	0	31	157	TRUE	762101	0.0476239792817666	0.268762971969572	7999	1022	0.0446405419369665	26608000	74
20220924 232724	binary	custom	TRUE	TRUE	FALSE	-100	-1	0	0	0	31	1357	TRUE	762101	0.0126583404009241	0.563863102613838	2448	425	0.0305271333590683	28554000	75
20220924 233827	binary	custom	TRUE	TRUE	FALSE	-100	-1	0	0	0	31	1265	TRUE	762101	0.013106952009392	0.661644026594661	2441	392	0.0309424426819184	28140000	76
20220925 000325	binary	custom	TRUE	TRUE	FALSE	-100	-1	0	0	0	31	1593	TRUE	762101	0.0107874511005435	0.442744900197427	1936	610	0.0299020203539667	28348000	77
20220925 002319	binary	custom	TRUE	TRUE	FALSE	-100	-1	0	0	0	31	1508	TRUE	762101	0.0155284228273567	0.370835313136153	2721	456	0.0300693579711269	27926000	78
20220925 004255	binary	custom	TRUE	TRUE	FALSE	-100	-1	0	0	0	31	1436	TRUE	762101	0.0102650181855194	0.537027826588461	1636	408	0.0293693837337407	28378000	79
20220925 005601	binary	custom	TRUE	TRUE	FALSE	-100	-1	0	0	0	31	1022	TRUE	762101	0.0100941655843616	0.202613068114855	1487	673	0.0331343450467975	28184000	80
20220925 011214	binary	custom	TRUE	TRUE	FALSE	-100	-1	0	0	0	31	1377	TRUE	762101	0.0103011281588142	0.545847061784072	1932	492	0.0305111002985244	27972000	81
20220925 012520	binary	custom	TRUE	TRUE	FALSE	-100	-1	0	0	0	31	1250	TRUE	762101	0.0116954074408102	0.817325423722677	1681	252	0.029780940618008	27972000	82
20220925 012832	binary	custom	TRUE	TRUE	FALSE	-100	-1	0	0	0	31	51	TRUE	762101	0.0335040335386173	0.263228601452712	21	280	0.0494452458059699	20034000	83
20220925 013301	binary	custom	TRUE	TRUE	FALSE	-100	-1	0	0	0	31	529	TRUE	762101	0.0274011218029714	0.842238322805041	3625	283	0.04435608116726	27262000	84
20220925 014700	binary	custom	TRUE	TRUE	FALSE	-100	-1	0	0	0	31	822	TRUE	762101	0.0126232163108132	0.31697236765125	1087	410	0.0329091973977451	28350000	85
20220925 015114	binary	custom	TRUE	TRUE	FALSE	-100	-1	0	0	0	31	212	TRUE	762101	0.0247274363514262	0.23487692084649	1814	297	0.0467927070257387	27500000	86
20220925 020959	binary	custom	TRUE	TRUE	FALSE	-100	-1	0	0	0	31	1127	TRUE	762101	0.0124187524041424	0.37468351084246	1193	629	0.0287389287433969	28648000	87
20220925 023025	binary	custom	TRUE	TRUE	FALSE	-100	-1	0	0	0	31	1267	TRUE	762101	0.012247816869108	0.453436280638989	2197	411	0.0289902882128937	28156000	88
20220925 024031	binary	custom	TRUE	TRUE	FALSE	-100	-1	0	0	0	31	507	TRUE	762101	0.01209246539396	0.839465602221575	822	502	0.0389717885424363	28392000	89
20220925 025506	binary	custom	TRUE	TRUE	FALSE	-100	-1	0	0	0	31	322	TRUE	762101	0.0107963800228339	0.345500260845248	227	609	0.028661251680326	28022000	90
20220925 031039	binary	custom	TRUE	TRUE	FALSE	-100	-1	0	0	0	31	891	TRUE	762101	0.0133340159315974	0.377237089091044	1216	957	0.0313221429694218	28530000	91
20220925 032004	binary	custom	TRUE	TRUE	FALSE	-100	-1	0	0	0	31	365	TRUE	762101	0.0126071498756491	0.577230084926728	181	220	0.0285104528738087	28064000	92
20220925 033419	binary	custom	TRUE	TRUE	FALSE	-100	-1	0	0	0	31	376	TRUE	762101	0.012666806714875	0.368343079571891	264	672	0.0298818059078054	28462000	93
20220925 035102	binary	custom	TRUE	TRUE	FALSE	-100	-1	0	0	0	31	1648	TRUE	762101	0.0124434088327356	0.21030885941137	2761	681	0.0382835373140237	28386000	94
20220925 040505	binary	custom	TRUE	TRUE	FALSE	-100	-1	0	0	0	31	1025	TRUE	762101	0.0129300507749327	0.322138668956594	3760	795	0.0294814868598835	26872000	95
20220925 042001	binary	custom	TRUE	TRUE	FALSE	-100	-1	0	0	0	31	808	TRUE	762101	0.0125718490667347	0.3808677814735	1220	445	0.0382546161992081	28256000	96
20220925 043336	binary	custom	TRUE	TRUE	FALSE	-100	-1	0	0	0	31	909	TRUE	762101	0.0148737413156562	0.537555601908732	1350	795	0.02936505177241	28264000	97
20220925 044546	binary	custom	TRUE	TRUE	FALSE	-100	-1	0	0	0	31	390	TRUE	762101	0.01455318655663	0.999721782350233	412	512	0.0391752877382531	27922000	98
20220925 045327	binary	custom	TRUE	TRUE	FALSE	-100	-1	0	0	0	31	859	TRUE	762101	0.0164562609649218	0.807535971206152	2813	342	0.0347577485406979	28136000	99
20220925 045813	binary	custom	TRUE	TRUE	FALSE	-100	-1	0	0	0	31	243	TRUE	762101	0.0319157022828922	0.835649106782254	797	554	0.0331309853173753	28112000	100
20220925 050233	binary	custom	TRUE	TRUE	FALSE	-100	-1	0	0	0	31	490	TRUE	762101	0.0354059772864117	0.817769116642792	3021	811	0.0358649467196385	27390000	101
20220925 051924	binary	custom	TRUE	TRUE	FALSE	-100	-1	0	0	0	31	855	TRUE	762101	0.0118723057625246	0.407138791827417	1002	980	0.0273142171276301	28772000	102
20220925 053058	binary	custom	TRUE	TRUE	FALSE	-100	-1	0	0	0	31	568	TRUE	762101	0.0178327791434234	0.393339213895309	922	983	0.0339218156721323	28560000	103
20220925 054320	binary	custom	TRUE	TRUE	FALSE	-100	-1	0	0	0	31	981	TRUE	762101	0.0114953086066562	0.200459878098919	1378	356	0.0375364198318313	28282000	104
20220925 055209	binary	custom	TRUE	TRUE	FALSE	-100	-1	0	0	0	31	575	TRUE	762101	0.0174546810005117	0.237162803188357	1039	600	0.0358122877208773	28096000	105
20220925 061853	binary	custom	TRUE	TRUE	FALSE	-100	-1	0	0	0	31	1652	TRUE	762101	0.0100040570138977	0.412674004228261	1334	335	0.0237632817767643	28594000	106
20220925 062658	binary	custom	TRUE	TRUE	FALSE	-100	-1	0	0	0	31	693	TRUE	762101	0.0184612426339407	0.558983153073315	1700	405	0.0324337588539819	27852000	107
20220925 064001	binary	custom	TRUE	TRUE	FALSE	-100	-1	0	0	0	31	578	TRUE	762101	0.0165344096456927	0.397889950357276	1104	1013	0.0438546365051547	28288000	108
20220925 065308	binary	custom	TRUE	TRUE	FALSE	-100	-1	0	0	0	31	642	TRUE	762101	0.0167263714437076	0.404535051477945	838	902	0.0233581782546195	28068000	109
20220925 065903	binary	custom	TRUE	TRUE	FALSE	-100	-1	0	0	0	31	714	TRUE	762101	0.0317210985800962	0.781037448186109	2761	39	0.0293778182433488	27774000	110
20220925 070611	binary	custom	TRUE	TRUE	FALSE	-100	-1	0	0	0	31	700	TRUE	762101	0.0189201311855317	0.999796229142019	2124	195	0.03607146302728	27846000	111
20220925 072912	binary	custom	TRUE	TRUE	FALSE	-100	-1	0	0	0	31	1323	TRUE	762101	0.0112538872168623	0.415683683266712	1090	964	0.0197742843026541	28436000	112
20220925 073716	binary	custom	TRUE	TRUE	FALSE	-100	-1	0	0	0	31	641	TRUE	762101	0.0207403676354111	0.842415225300919	1253	366	0.0333458203659851	28500000	113
20220925 074426	binary	custom	TRUE	TRUE	FALSE	-100	-1	0	0	0	31	690	TRUE	762101	0.0221819012510511	0.740858464236909	1792	180	0.0303552919464337	28184000	114
20220925 074833	binary	custom	TRUE	TRUE	FALSE	-100	-1	0	0	0	31	127	TRUE	762101	0.0237973582138203	0.831029975282106	84	155	0.0346342700180616	27008000	115
20220925 075553	binary	custom	TRUE	TRUE	FALSE	-100	-1	0	0	0	31	868	TRUE	762101	0.0202091497730761	0.755162397011673	2801	629	0.0299521630460062	27624000	116
20220925 080410	binary	custom	TRUE	TRUE	FALSE	-100	-1	0	0	0	31	717	TRUE	762101	0.0183781866844416	0.858840707643285	1516	321	0.0315291053991239	28266000	117
20220925 080643	binary	custom	TRUE	TRUE	FALSE	-100	-1	0	0	0	31	128	TRUE	762101	0.0461341963967784	0.797368367162811	1265	415	0.0354357473017932	27768000	118
20220925 081236	binary	custom	TRUE	TRUE	FALSE	-100	-1	0	0	0	31	873	TRUE	762101	0.0207719898579169	0.84789114356653	6714	267	0.0327131986372104	26142000	119
20220925 081814	binary	custom	TRUE	TRUE	FALSE	-100	-1	0	0	0	31	183	TRUE	762101	0.0436015544111003	0.906293228256804	292	341	0.0254107307877252	27458000	120
