echa	objective	metric	first_metric_only	boost_from_average	feature_pre_filter	verbosity	max_depth	min_gain_to_split	lambda_l1	lambda_l2	max_bin	num_iterations	force_row_wise	seed	learning_rate	feature_fraction	min_data_in_leaf	num_leaves	prob_corte	ganancia	iteracion
20220922 003339	binary	custom	TRUE	TRUE	FALSE	-100	-1	0	0	0	31	63	TRUE	757577	0.2055852854033	0.827108854372054	6668	132	0.0514195543249662	26372000	1
20220922 003420	binary	custom	TRUE	TRUE	FALSE	-100	-1	0	0	0	31	42	TRUE	757577	0.178594730149955	0.550129106873646	5845	398	0.0952138755495253	21998000	2
20220922 003458	binary	custom	TRUE	TRUE	FALSE	-100	-1	0	0	0	31	80	TRUE	757577	0.148457186674117	0.923642244404182	3602	332	0.0452076664438937	26606000	3
20220922 003529	binary	custom	TRUE	TRUE	FALSE	-100	-1	0	0	0	31	26	TRUE	757577	0.167195806012838	0.300381048889831	2550	490	0.0549582858329813	26034000	4
20220922 003718	binary	custom	TRUE	TRUE	FALSE	-100	-1	0	0	0	31	251	TRUE	757577	0.0539617026711348	0.605250071231276	2841	539	0.0366129134233052	26974000	5
20220922 003740	binary	custom	TRUE	TRUE	FALSE	-100	-1	0	0	0	31	28	TRUE	757577	0.229347817603266	0.841414568051696	4106	599	0.0645195732107095	24998000	6
20220922 003811	binary	custom	TRUE	TRUE	FALSE	-100	-1	0	0	0	31	18	TRUE	757577	0.248864639235311	0.662695497786626	1313	928	0.087022411787766	21462000	7
20220922 003919	binary	custom	TRUE	TRUE	FALSE	-100	-1	0	0	0	31	133	TRUE	757577	0.131813859649817	0.579065846102312	5202	24	0.026367590312293	25546000	8
20220922 004018	binary	custom	TRUE	TRUE	FALSE	-100	-1	0	0	0	31	104	TRUE	757577	0.109701138952398	0.374271511994302	4802	268	0.0661492271907628	25480000	9
20220922 004116	binary	custom	TRUE	TRUE	FALSE	-100	-1	0	0	0	31	79	TRUE	757577	0.257601200490259	0.494968747133389	1759	994	0.0321388575952733	24706000	10
20220922 004329	binary	custom	TRUE	TRUE	FALSE	-100	-1	0	0	0	31	430	TRUE	757577	0.0495929444161011	0.245980884823948	6844	748	0.0742108445191116	25274000	11
20220922 004433	binary	custom	TRUE	TRUE	FALSE	-100	-1	0	0	0	31	34	TRUE	757577	0.277517345841741	0.895749178361148	240	702	0.0198602636271971	22944000	12
20220922 004459	binary	custom	TRUE	TRUE	FALSE	-100	-1	0	0	0	31	54	TRUE	757577	0.191444134054706	0.791498073032126	7771	184	0.0827090337876871	23770000	13
20220922 004701	binary	custom	TRUE	TRUE	FALSE	-100	-1	0	0	0	31	89	TRUE	757577	0.030883958931081	0.759112924737856	564	314	0.0586973873984243	26602000	14
20220922 005422	binary	custom	TRUE	TRUE	FALSE	-100	-1	0	0	0	31	1371	TRUE	757577	0.0878177602320211	0.466494289841503	7354	466	0.0129043119083508	24530000	15
20220922 005645	binary	custom	TRUE	TRUE	FALSE	-100	-1	0	0	0	31	329	TRUE	757577	0.0758570942620281	0.410502965021878	2383	909	0.0256115388964827	26840000	16
20220922 005731	binary	custom	TRUE	TRUE	FALSE	-100	-1	0	0	0	31	95	TRUE	757577	0.214432898020837	0.339214801695198	6196	807	0.0708847908765892	24416000	17
20220922 005808	binary	custom	TRUE	TRUE	FALSE	-100	-1	0	0	0	31	67	TRUE	757577	0.118346950461157	0.989536955850199	3532	842	0.0809298077954736	25334000	18
20220922 010016	binary	custom	TRUE	TRUE	FALSE	-100	-1	0	0	0	31	199	TRUE	757577	0.0235337666387204	0.226156003214419	997	670	0.0993191455148917	21984000	19
20220922 010037	binary	custom	TRUE	TRUE	FALSE	-100	-1	0	0	0	31	32	TRUE	757577	0.297206560839433	0.697930820994079	4455	77	0.0421399246509827	25270000	20
20220922 010239	binary	custom	TRUE	TRUE	FALSE	-100	-1	0	0	0	31	374	TRUE	757577	0.0295486707963361	0.926852003446303	4231	1015	0.0518888695438665	26932000	21
20220922 010443	binary	custom	TRUE	TRUE	FALSE	-100	-1	0	0	0	31	292	TRUE	757577	0.0528842395197152	0.309672389202437	2392	953	0.0401793595531885	27294000	22
20220922 010552	binary	custom	TRUE	TRUE	FALSE	-100	-1	0	0	0	31	69	TRUE	757577	0.0736834702109657	0.565383565916144	2999	859	0.0472439370813947	26942000	23
20220922 011149	binary	custom	TRUE	TRUE	FALSE	-100	-1	0	0	0	31	955	TRUE	757577	0.010055725208304	0.200654467068593	1808	913	0.0327005767373434	27206000	24
20220922 011311	binary	custom	TRUE	TRUE	FALSE	-100	-1	0	0	0	31	205	TRUE	757577	0.0578097861920183	0.200637568637619	4504	1022	0.0356445462452477	26152000	25
20220922 012457	binary	custom	TRUE	TRUE	FALSE	-100	-1	0	0	0	31	773	TRUE	757577	0.0100196856909388	0.365927806970521	652	764	0.0398250388770486	28116000	26
20220922 013022	binary	custom	TRUE	TRUE	FALSE	-100	-1	0	0	0	31	170	TRUE	757577	0.0101852425241992	0.371703188304059	0	243	0.0401438764136712	22800000	27
20220922 013745	binary	custom	TRUE	TRUE	FALSE	-100	-1	0	0	0	31	1123	TRUE	757577	0.0100960995818028	0.99806568172228	1854	662	0.0567692952675687	26598000	28
20220922 014612	binary	custom	TRUE	TRUE	FALSE	-100	-1	0	0	0	31	135	TRUE	757577	0.0101682799891564	0.44289906246992	33	905	0.0370304082802055	22782000	29
20220922 015116	binary	custom	TRUE	TRUE	FALSE	-100	-1	0	0	0	31	500	TRUE	757577	0.0162795299038178	0.366922349603412	986	609	0.0427972423391458	28236000	30
20220922 015901	binary	custom	TRUE	TRUE	FALSE	-100	-1	0	0	0	31	900	TRUE	757577	0.0100908463762842	0.269409042880129	846	759	0.0419203696434259	28168000	31
20220922 020731	binary	custom	TRUE	TRUE	FALSE	-100	-1	0	0	0	31	906	TRUE	757577	0.0101672182052546	0.835978715321518	845	642	0.0372272813671357	27992000	32
20220922 021529	binary	custom	TRUE	TRUE	FALSE	-100	-1	0	0	0	31	621	TRUE	757577	0.0101880217943495	0.464025425930396	803	589	0.0376204651461279	28192000	33
20220922 022430	binary	custom	TRUE	TRUE	FALSE	-100	-1	0	0	0	31	2090	TRUE	757577	0.0102941699980502	0.613617959394953	1386	29	0.0412315854383984	28054000	34
20220922 022920	binary	custom	TRUE	TRUE	FALSE	-100	-1	0	0	0	31	770	TRUE	757577	0.0103097148704236	0.610661936156798	2161	25	0.0426702577357886	27366000	35
20220922 023844	binary	custom	TRUE	TRUE	FALSE	-100	-1	0	0	0	31	1034	TRUE	757577	0.0100843150119075	0.420626687987878	1194	722	0.0378744219491507	27764000	36
20220922 024520	binary	custom	TRUE	TRUE	FALSE	-100	-1	0	0	0	31	693	TRUE	757577	0.0101852108132701	0.691381722761203	969	181	0.0433594412125342	28046000	37
20220922 025412	binary	custom	TRUE	TRUE	FALSE	-100	-1	0	0	0	31	1328	TRUE	757577	0.0101192114356712	0.285981600672355	1546	213	0.0426199269686573	27482000	38
20220922 030010	binary	custom	TRUE	TRUE	FALSE	-100	-1	0	0	0	31	1887	TRUE	757577	0.0106188035536336	0.998454895464779	1300	17	0.0417075760882062	27504000	39
20220922 030630	binary	custom	TRUE	TRUE	FALSE	-100	-1	0	0	0	31	460	TRUE	757577	0.0134032561886365	0.496117174317549	757	686	0.0438772964647318	28358000	40
20220922 031210	binary	custom	TRUE	TRUE	FALSE	-100	-1	0	0	0	31	1018	TRUE	757577	0.0102720576951555	0.200041565311822	3646	20	0.0310800565290029	26154000	41
20220922 031432	binary	custom	TRUE	TRUE	FALSE	-100	-1	0	0	0	31	16	TRUE	757577	0.0111908698740187	0.406043606794645	1084	16	0.0151088237621804	21506000	42
20220922 031546	binary	custom	TRUE	TRUE	FALSE	-100	-1	0	0	0	31	68	TRUE	757577	0.0601847326836524	0.63488215027936	786	556	0.0414224426771312	27140000	43
20220922 032228	binary	custom	TRUE	TRUE	FALSE	-100	-1	0	0	0	31	1338	TRUE	757577	0.0103278717839022	0.706976380917562	3565	52	0.056539972435297	26734000	44
20220922 032643	binary	custom	TRUE	TRUE	FALSE	-100	-1	0	0	0	31	969	TRUE	757577	0.0129703737105828	0.948149140391951	5946	505	0.0474992498953702	27018000	45
20220922 033123	binary	custom	TRUE	TRUE	FALSE	-100	-1	0	0	0	31	811	TRUE	757577	0.0100764765977447	0.952159482857512	3457	1024	0.0317656057898063	26578000	46
20220922 033209	binary	custom	TRUE	TRUE	FALSE	-100	-1	0	0	0	31	145	TRUE	757577	0.087196589488381	0.79471377062559	6632	1019	0.0460897180976775	27246000	47
20220922 033339	binary	custom	TRUE	TRUE	FALSE	-100	-1	0	0	0	31	242	TRUE	757577	0.0469950565815727	0.215353241246599	6571	261	0.0447203467035153	26610000	48
20220922 034007	binary	custom	TRUE	TRUE	FALSE	-100	-1	0	0	0	31	829	TRUE	757577	0.0102573022125797	0.432580829171351	1050	17	0.0517144943080562	27624000	49
20220922 034445	binary	custom	TRUE	TRUE	FALSE	-100	-1	0	0	0	31	1099	TRUE	757577	0.0102943742636158	0.997411615771257	7170	703	0.0510710671959237	26364000	50
20220922 035001	binary	custom	TRUE	TRUE	FALSE	-100	-1	0	0	0	31	708	TRUE	757577	0.0101530226898636	0.760311521640787	1858	724	0.0401945915596022	27330000	51
20220922 035053	binary	custom	TRUE	TRUE	FALSE	-100	-1	0	0	0	31	163	TRUE	757577	0.116727391709651	0.971253733759421	5386	1001	0.0483490110992303	26682000	52
20220922 035132	binary	custom	TRUE	TRUE	FALSE	-100	-1	0	0	0	31	114	TRUE	757577	0.12939165944572	0.998169113821657	6366	622	0.0364902482277009	26598000	53
20220922 035826	binary	custom	TRUE	TRUE	FALSE	-100	-1	0	0	0	31	1320	TRUE	757577	0.0102013840200779	0.200924908832241	3627	868	0.0564006468834214	26944000	54
20220922 040804	binary	custom	TRUE	TRUE	FALSE	-100	-1	0	0	0	31	1513	TRUE	757577	0.010365046755693	0.387608255891996	6076	1006	0.0523403841151881	26872000	55
20220922 041523	binary	custom	TRUE	TRUE	FALSE	-100	-1	0	0	0	31	697	TRUE	757577	0.0100816906060119	0.869073324064625	806	822	0.0499183721731415	27868000	56
20220922 041636	binary	custom	TRUE	TRUE	FALSE	-100	-1	0	0	0	31	198	TRUE	757577	0.167344325132632	0.216554530282588	3290	1017	0.030167368606983	25952000	57
20220922 042044	binary	custom	TRUE	TRUE	FALSE	-100	-1	0	0	0	31	786	TRUE	757577	0.0106706797842282	0.988516361260671	4710	45	0.044319843502171	27352000	58
20220922 042707	binary	custom	TRUE	TRUE	FALSE	-100	-1	0	0	0	31	1115	TRUE	757577	0.010160576927463	0.606600113022036	4949	565	0.04724518814243	27104000	59
20220922 042747	binary	custom	TRUE	TRUE	FALSE	-100	-1	0	0	0	31	68	TRUE	757577	0.213560177935622	0.217708135293931	7193	1019	0.0447566466454884	25946000	60
20220922 043618	binary	custom	TRUE	TRUE	FALSE	-100	-1	0	0	0	31	635	TRUE	757577	0.0100345541443211	0.531850786990209	858	550	0.0426636870679862	28430000	61
20220922 044033	binary	custom	TRUE	TRUE	FALSE	-100	-1	0	0	0	31	616	TRUE	757577	0.0101856950648625	0.614017660042207	4039	381	0.0439120641624219	27240000	62
20220922 044743	binary	custom	TRUE	TRUE	FALSE	-100	-1	0	0	0	31	581	TRUE	757577	0.0100584193080434	0.389516849437898	784	669	0.0481827724764519	27844000	63
20220922 045612	binary	custom	TRUE	TRUE	FALSE	-100	-1	0	0	0	31	994	TRUE	757577	0.0102997591959863	0.46290215991446	2757	1022	0.064159908470647	26586000	64
20220922 050317	binary	custom	TRUE	TRUE	FALSE	-100	-1	0	0	0	31	1778	TRUE	757577	0.0100373917658275	0.973304258235939	5572	821	0.026298160935608	25496000	65
20220922 050415	binary	custom	TRUE	TRUE	FALSE	-100	-1	0	0	0	31	189	TRUE	757577	0.077427099219992	0.999112411297526	6414	859	0.0580505612680997	26216000	66
20220922 050500	binary	custom	TRUE	TRUE	FALSE	-100	-1	0	0	0	31	159	TRUE	757577	0.109060847254469	0.88098499630977	7995	19	0.0423530371031826	26376000	67
20220922 050629	binary	custom	TRUE	TRUE	FALSE	-100	-1	0	0	0	31	364	TRUE	757577	0.0448884114745955	0.71038250718323	7995	1024	0.0397927916309007	26608000	68
20220922 050719	binary	custom	TRUE	TRUE	FALSE	-100	-1	0	0	0	31	114	TRUE	757577	0.0792462903851234	0.697433030670125	5561	16	0.046019288737201	26674000	69
20220922 050748	binary	custom	TRUE	TRUE	FALSE	-100	-1	0	0	0	31	84	TRUE	757577	0.299885651179058	0.796352288369524	7988	415	0.0351964090448719	25514000	70
20220922 051257	binary	custom	TRUE	TRUE	FALSE	-100	-1	0	0	0	31	1276	TRUE	757577	0.010516253394515	0.955799293913593	6777	37	0.038005339649352	26618000	71
20220922 051702	binary	custom	TRUE	TRUE	FALSE	-100	-1	0	0	0	31	1127	TRUE	757577	0.0101092024781035	0.73208490334802	1415	16	0.0614982195528851	26680000	72
20220922 051859	binary	custom	TRUE	TRUE	FALSE	-100	-1	0	0	0	31	380	TRUE	757577	0.062843624188551	0.202078714202901	8000	909	0.0570037367352006	26094000	73
20220922 051949	binary	custom	TRUE	TRUE	FALSE	-100	-1	0	0	0	31	92	TRUE	757577	0.0757081925535293	0.204208149344924	4280	16	0.0490222172390906	26680000	74
20220922 052153	binary	custom	TRUE	TRUE	FALSE	-100	-1	0	0	0	31	526	TRUE	757577	0.133026852171967	0.996787390821495	4053	641	0.0125063203781685	26176000	75
20220922 052233	binary	custom	TRUE	TRUE	FALSE	-100	-1	0	0	0	31	73	TRUE	757577	0.0826277247339637	0.999957138412156	4499	483	0.0397243590764361	26484000	76
20220922 052353	binary	custom	TRUE	TRUE	FALSE	-100	-1	0	0	0	31	360	TRUE	757577	0.299974387095794	0.799492483784512	5997	1022	0.0126026699040016	24102000	77
20220922 052502	binary	custom	TRUE	TRUE	FALSE	-100	-1	0	0	0	31	5	TRUE	757577	0.0228716101204871	0.205610846658987	3084	1023	0.0126008111363219	19510000	78
20220922 052547	binary	custom	TRUE	TRUE	FALSE	-100	-1	0	0	0	31	83	TRUE	757577	0.116386500067103	0.967511394887071	2455	935	0.0312327341752181	26208000	79
20220922 052633	binary	custom	TRUE	TRUE	FALSE	-100	-1	0	0	0	31	136	TRUE	757577	0.195745413539563	0.996964368454352	3907	180	0.0244135082910763	25128000	80
20220922 053636	binary	custom	TRUE	TRUE	FALSE	-100	-1	0	0	0	31	841	TRUE	757577	0.0100499855047217	0.57437767192289	841	739	0.0414764585959302	28302000	81
20220922 053721	binary	custom	TRUE	TRUE	FALSE	-100	-1	0	0	0	31	65	TRUE	757577	0.151731389139334	0.258380509269232	3807	1024	0.0504327749976153	26372000	82
20220922 054314	binary	custom	TRUE	TRUE	FALSE	-100	-1	0	0	0	31	421	TRUE	757577	0.0100681726913246	0.832914841388392	747	1023	0.0610827509275778	26406000	83
20220922 054346	binary	custom	TRUE	TRUE	FALSE	-100	-1	0	0	0	31	95	TRUE	757577	0.173170647380193	0.960202494394808	7997	1016	0.0494540397127072	26350000	84
20220922 055155	binary	custom	TRUE	TRUE	FALSE	-100	-1	0	0	0	31	990	TRUE	757577	0.0102299542341308	0.47589072921799	4280	1024	0.0719001303274703	25308000	85
20220922 055832	binary	custom	TRUE	TRUE	FALSE	-100	-1	0	0	0	31	1357	TRUE	757577	0.0103513610995179	0.999269113361837	3470	724	0.0491917328014037	27666000	86
20220922 055938	binary	custom	TRUE	TRUE	FALSE	-100	-1	0	0	0	31	151	TRUE	757577	0.0562501330207959	0.995722895336637	3330	1012	0.0585895808052043	26624000	87
20220922 060350	binary	custom	TRUE	TRUE	FALSE	-100	-1	0	0	0	31	604	TRUE	757577	0.0101524546822086	0.216613641265602	6771	1000	0.0356457326861611	25456000	88
20220922 060421	binary	custom	TRUE	TRUE	FALSE	-100	-1	0	0	0	31	61	TRUE	757577	0.299508863801866	0.730486996844928	6223	1019	0.04632693992678	25478000	89
20220922 061728	binary	custom	TRUE	TRUE	FALSE	-100	-1	0	0	0	31	1925	TRUE	757577	0.010198843199895	0.415243160432293	2313	614	0.0330047398719084	27372000	90
20220922 062420	binary	custom	TRUE	TRUE	FALSE	-100	-1	0	0	0	31	1271	TRUE	757577	0.0101485081193869	0.221094724614337	5348	91	0.0549610356128671	26446000	91
20220922 062456	binary	custom	TRUE	TRUE	FALSE	-100	-1	0	0	0	31	78	TRUE	757577	0.299794437871271	0.20042473832773	7994	20	0.0545033666720829	25876000	92
20220922 062753	binary	custom	TRUE	TRUE	FALSE	-100	-1	0	0	0	31	426	TRUE	757577	0.0170031909837387	0.201693683386653	2921	46	0.0744691693449062	25788000	93
20220922 064141	binary	custom	TRUE	TRUE	FALSE	-100	-1	0	0	0	31	2218	TRUE	757577	0.0111197835815975	0.402932751894027	7459	16	0.0614352025453591	26186000	94
20220922 064256	binary	custom	TRUE	TRUE	FALSE	-100	-1	0	0	0	31	120	TRUE	757577	0.120346928295898	0.508479838159934	7522	464	0.0475240094806795	26324000	95
20220922 064333	binary	custom	TRUE	TRUE	FALSE	-100	-1	0	0	0	31	101	TRUE	757577	0.140896535716847	0.999460489458141	7896	1019	0.02711281965472	24982000	96
20220922 064520	binary	custom	TRUE	TRUE	FALSE	-100	-1	0	0	0	31	469	TRUE	757577	0.165317045399477	0.994087209490592	4915	338	0.0125282200644531	24588000	97
20220922 065113	binary	custom	TRUE	TRUE	FALSE	-100	-1	0	0	0	31	781	TRUE	757577	0.0100421456533864	0.372901829614169	943	17	0.0418161471684383	27240000	98
20220922 065420	binary	custom	TRUE	TRUE	FALSE	-100	-1	0	0	0	31	608	TRUE	757577	0.0108063690606714	0.886113018184474	3363	16	0.0437323341906036	27192000	99
20220922 070132	binary	custom	TRUE	TRUE	FALSE	-100	-1	0	0	0	31	1392	TRUE	757577	0.010285371379435	0.902026468682232	2717	388	0.0510370340252717	27364000	100
20220922 070522	binary	custom	TRUE	TRUE	FALSE	-100	-1	0	0	0	31	843	TRUE	757577	0.010208790267786	0.945527255573324	7996	1023	0.0682193888532469	25016000	101
20220922 071116	binary	custom	TRUE	TRUE	FALSE	-100	-1	0	0	0	31	1457	TRUE	757577	0.0101645063888675	0.890533989556975	4262	17	0.0336073917674909	26318000	102
20220922 071434	binary	custom	TRUE	TRUE	FALSE	-100	-1	0	0	0	31	460	TRUE	757577	0.0122562954207087	0.202912965204537	2797	19	0.0510005317714547	27154000	103
20220922 071535	binary	custom	TRUE	TRUE	FALSE	-100	-1	0	0	0	31	213	TRUE	757577	0.299216125545712	0.961495718746236	4096	1024	0.0201023565898711	24206000	104
20220922 071659	binary	custom	TRUE	TRUE	FALSE	-100	-1	0	0	0	31	192	TRUE	757577	0.12874120356944	0.297726683311156	2420	32	0.0306841437446659	26216000	105
20220922 071748	binary	custom	TRUE	TRUE	FALSE	-100	-1	0	0	0	31	110	TRUE	757577	0.124657167715793	0.201295265750263	5836	853	0.0433159628082625	25550000	106
20220922 071834	binary	custom	TRUE	TRUE	FALSE	-100	-1	0	0	0	31	67	TRUE	757577	0.291327343337488	0.498860945961045	6679	16	0.0331568902021113	25392000	107
20220922 071903	binary	custom	TRUE	TRUE	FALSE	-100	-1	0	0	0	31	36	TRUE	757577	0.298910941338974	0.200808407251274	3214	49	0.0684912924794503	23700000	108
20220922 072329	binary	custom	TRUE	TRUE	FALSE	-100	-1	0	0	0	31	1019	TRUE	757577	0.0107223671908019	0.992219683322476	6360	16	0.0510750860027893	26762000	109
20220922 072728	binary	custom	TRUE	TRUE	FALSE	-100	-1	0	0	0	31	809	TRUE	757577	0.0121724386447087	0.999702740653942	4978	233	0.0525437603262524	27020000	110
20220922 073114	binary	custom	TRUE	TRUE	FALSE	-100	-1	0	0	0	31	552	TRUE	757577	0.0110394952898452	0.940308214401492	3481	204	0.0999839780378367	21948000	111
20220922 073820	binary	custom	TRUE	TRUE	FALSE	-100	-1	0	0	0	31	670	TRUE	757577	0.0102090067641597	0.834521699213577	812	621	0.0439566216603207	28226000	112
20220922 074549	binary	custom	TRUE	TRUE	FALSE	-100	-1	0	0	0	31	705	TRUE	757577	0.010202452118671	0.62959783844117	776	1024	0.0438491294292534	28404000	113
20220922 075146	binary	custom	TRUE	TRUE	FALSE	-100	-1	0	0	0	31	752	TRUE	757577	0.0103708648065939	0.689810154560043	1336	310	0.0455058126848958	27612000	114
20220922 075921	binary	custom	TRUE	TRUE	FALSE	-100	-1	0	0	0	31	596	TRUE	757577	0.0101341631643484	0.418477788986719	776	969	0.0437578652594601	27814000	115
20220922 080624	binary	custom	TRUE	TRUE	FALSE	-100	-1	0	0	0	31	612	TRUE	757577	0.0104280665301381	0.789607004250779	725	1015	0.0430407221324411	28320000	116
20220922 081105	binary	custom	TRUE	TRUE	FALSE	-100	-1	0	0	0	31	665	TRUE	757577	0.010092364988386	0.973740449841376	2570	1023	0.0492367930113522	27458000	117
20220922 081525	binary	custom	TRUE	TRUE	FALSE	-100	-1	0	0	0	31	361	TRUE	757577	0.0100847115819963	0.210234703271071	770	619	0.0398821409034475	27694000	118
20220922 082151	binary	custom	TRUE	TRUE	FALSE	-100	-1	0	0	0	31	813	TRUE	757577	0.0102206128621133	0.35709923529509	3441	437	0.0488573029654439	27364000	119
20220922 082927	binary	custom	TRUE	TRUE	FALSE	-100	-1	0	0	0	31	1145	TRUE	757577	0.0100967572149135	0.268711155353913	1981	631	0.0536487860492881	27108000	120

