fecha	objective	metric	first_metric_only	boost_from_average	feature_pre_filter	verbosity	max_depth	min_gain_to_split	lambda_l1	lambda_l2	max_bin	num_iterations	force_row_wise	seed	learning_rate	feature_fraction	min_data_in_leaf	num_leaves	prob_corte	ganancia	iteracion
20220921 182938	binary	custom	TRUE	TRUE	FALSE	-100	-1	0	0	0	31	265	TRUE	757577	0.11137031422311	0.723516401434317	5901	550	0.0339731808908982	25838000	1
20220921 182952	binary	custom	TRUE	TRUE	FALSE	-100	-1	0	0	0	31	110	TRUE	757577	0.132732010037289	0.875546946655959	5265	697	0.0225043500988977	23922000	2
20220921 183007	binary	custom	TRUE	TRUE	FALSE	-100	-1	0	0	0	31	47	TRUE	757577	0.201854490173748	0.488899074764922	2139	279	0.0457068355623051	25480000	3
20220921 183016	binary	custom	TRUE	TRUE	FALSE	-100	-1	0	0	0	31	55	TRUE	757577	0.221831330600544	0.920282930545509	6275	251	0.0253378283593338	23748000	4
20220921 183043	binary	custom	TRUE	TRUE	FALSE	-100	-1	0	0	0	31	162	TRUE	757577	0.0702702924420591	0.583194099906832	6859	178	0.0292938560260518	24864000	5
20220921 183101	binary	custom	TRUE	TRUE	FALSE	-100	-1	0	0	0	31	137	TRUE	757577	0.234793021830963	0.65043565293774	2923	149	0.0308367465839547	25360000	6
20220921 183112	binary	custom	TRUE	TRUE	FALSE	-100	-1	0	0	0	31	34	TRUE	757577	0.181836189869908	0.635429551703855	2421	808	0.0380119478591951	25652000	7
20220921 183146	binary	custom	TRUE	TRUE	FALSE	-100	-1	0	0	0	31	210	TRUE	757577	0.0525475243637338	0.474907502345741	5076	649	0.0358557875649421	25848000	8
20220921 183225	binary	custom	TRUE	TRUE	FALSE	-100	-1	0	0	0	31	289	TRUE	757577	0.192017037552665	0.554126169458032	4435	595	0.020696959845227	24476000	9
20220921 183234	binary	custom	TRUE	TRUE	FALSE	-100	-1	0	0	0	31	27	TRUE	757577	0.255652660383494	0.713647434609011	4024	433	0.0431113444559742	25444000	10
20220921 183251	binary	custom	TRUE	TRUE	FALSE	-100	-1	0	0	0	31	69	TRUE	757577	0.113920013958355	0.796291427174583	1738	330	0.0398019101079262	26718000	11
20220921 183305	binary	custom	TRUE	TRUE	FALSE	-100	-1	0	0	0	31	43	TRUE	757577	0.296215202679392	0.397310273144394	1072	858	0.0490108569008589	24734000	12
20220921 183334	binary	custom	TRUE	TRUE	FALSE	-100	-1	0	0	0	31	137	TRUE	757577	0.0849496989051113	0.425878467494622	492	80	0.0263253565931518	26618000	13
20220921 183355	binary	custom	TRUE	TRUE	FALSE	-100	-1	0	0	0	31	135	TRUE	757577	0.166391825362458	0.281818694667891	7393	770	0.04665094135853	25544000	14
20220921 183407	binary	custom	TRUE	TRUE	FALSE	-100	-1	0	0	0	31	3	TRUE	757577	0.0629344213770237	0.271692370381206	7682	926	0.0154730278726493	18236000	15
20220921 183543	binary	custom	TRUE	TRUE	FALSE	-100	-1	0	0	0	31	967	TRUE	757577	0.0199537128892262	0.882876591952518	3636	884	0.017384826119669	23028000	16
20220921 183617	binary	custom	TRUE	TRUE	FALSE	-100	-1	0	0	0	31	317	TRUE	757577	0.280201556767803	0.225043634381145	3454	41	0.0186944099537504	24182000	17
20220921 183637	binary	custom	TRUE	TRUE	FALSE	-100	-1	0	0	0	31	107	TRUE	757577	0.269613806939451	0.984995085028932	1373	395	0.0132214003568515	24590000	18
20220921 183756	binary	custom	TRUE	TRUE	FALSE	-100	-1	0	0	0	31	173	TRUE	757577	0.026415503247641	0.356159136518836	307	1000	0.041965463803499	26844000	19
20220921 183814	binary	custom	TRUE	TRUE	FALSE	-100	-1	0	0	0	31	178	TRUE	757577	0.145022757590865	0.838246911792085	6480	477	0.0323247165186331	25238000	20
20220921 184111	binary	custom	TRUE	TRUE	FALSE	-100	-1	0	0	0	31	206	TRUE	757577	0.0101759198683174	0.666984009537246	0	492	0.0346287834468299	19622000	21
20220921 184136	binary	custom	TRUE	TRUE	FALSE	-100	-1	0	0	0	31	45	TRUE	757577	0.183431649714694	0.981794729419984	554	588	0.0484324374018499	24586000	22
20220921 184208	binary	custom	TRUE	TRUE	FALSE	-100	-1	0	0	0	31	269	TRUE	757577	0.227605233216211	0.607727784634754	3325	27	0.0148856771938066	24330000	23
20220921 184232	binary	custom	TRUE	TRUE	FALSE	-100	-1	0	0	0	31	26	TRUE	757577	0.266446387661803	0.816594297245331	235	970	0.024679020363462	22880000	24
20220921 184259	binary	custom	TRUE	TRUE	FALSE	-100	-1	0	0	0	31	61	TRUE	757577	0.0949783296334127	0.372875288373515	421	604	0.0362665816959709	25988000	25
20220921 184432	binary	custom	TRUE	TRUE	FALSE	-100	-1	0	0	0	31	242	TRUE	757577	0.0177636722873219	0.322186242162562	297	311	0.0475042383981356	26956000	26
20220921 184608	binary	custom	TRUE	TRUE	FALSE	-100	-1	0	0	0	31	200	TRUE	757577	0.0164313305546874	0.249127456787209	282	697	0.0427780090089675	27064000	27
20220921 184934	binary	custom	TRUE	TRUE	FALSE	-100	-1	0	0	0	31	836	TRUE	757577	0.01023729944497	0.487198058981211	452	196	0.0260307851147318	27096000	28
20220921 185039	binary	custom	TRUE	TRUE	FALSE	-100	-1	0	0	0	31	17	TRUE	757577	0.010202178696207	0.463597510348096	357	85	0.0150240300891211	25438000	29
20220921 185249	binary	custom	TRUE	TRUE	FALSE	-100	-1	0	0	0	31	319	TRUE	757577	0.0100538242756143	0.202859978658122	326	796	0.0476471030947709	26350000	30
20220921 185404	binary	custom	TRUE	TRUE	FALSE	-100	-1	0	0	0	31	176	TRUE	757577	0.0129381770089776	0.508452390973645	318	66	0.0422243333694927	27410000	31
20220921 185423	binary	custom	TRUE	TRUE	FALSE	-100	-1	0	0	0	31	95	TRUE	757577	0.126666310714311	0.834972232561699	1879	890	0.0380513961918876	25786000	32
20220921 185436	binary	custom	TRUE	TRUE	FALSE	-100	-1	0	0	0	31	31	TRUE	757577	0.201988991620596	0.397092972931528	1720	828	0.0496929699203336	25040000	33
20220921 185601	binary	custom	TRUE	TRUE	FALSE	-100	-1	0	0	0	31	851	TRUE	757577	0.0356902833212276	0.946117938176867	1744	43	0.0281138835791206	26716000	34
20220921 185619	binary	custom	TRUE	TRUE	FALSE	-100	-1	0	0	0	31	85	TRUE	757577	0.272445529641324	0.981634439622043	1762	467	0.0274698474629174	24964000	35
20220921 185751	binary	custom	TRUE	TRUE	FALSE	-100	-1	0	0	0	31	461	TRUE	757577	0.0204285139451497	0.357122279960553	1794	33	0.0378211299576225	25982000	36
20220921 185941	binary	custom	TRUE	TRUE	FALSE	-100	-1	0	0	0	31	762	TRUE	757577	0.014805343992371	0.98456595500929	1639	358	0.0369853904468138	26618000	37
20220921 190119	binary	custom	TRUE	TRUE	FALSE	-100	-1	0	0	0	31	311	TRUE	757577	0.0111551279973994	0.345405208168437	312	123	0.0352372515233948	27038000	38
20220921 190221	binary	custom	TRUE	TRUE	FALSE	-100	-1	0	0	0	31	215	TRUE	757577	0.0101396253977588	0.590704434647837	587	26	0.0283295874402861	26128000	39
20220921 190405	binary	custom	TRUE	TRUE	FALSE	-100	-1	0	0	0	31	1033	TRUE	757577	0.01539837598138	0.7489518790229	458	46	0.0335088687444456	27354000	40
20220921 190425	binary	custom	TRUE	TRUE	FALSE	-100	-1	0	0	0	31	2	TRUE	757577	0.0553459457050891	0.669121830471106	1678	446	0.0126143583246907	18408000	41
20220921 190520	binary	custom	TRUE	TRUE	FALSE	-100	-1	0	0	0	31	429	TRUE	757577	0.0102820254667358	0.736247715223155	401	18	0.0305987500246813	26162000	42
20220921 190630	binary	custom	TRUE	TRUE	FALSE	-100	-1	0	0	0	31	194	TRUE	757577	0.0111140903210428	0.665860443522667	482	83	0.0390998378425602	27058000	43
20220921 190952	binary	custom	TRUE	TRUE	FALSE	-100	-1	0	0	0	31	1638	TRUE	757577	0.0110606763845668	0.999421240907962	1741	117	0.0346512867306776	27036000	44
20220921 191005	binary	custom	TRUE	TRUE	FALSE	-100	-1	0	0	0	31	42	TRUE	757577	0.112800882776487	0.88724304026216	1474	41	0.0397169396780266	26268000	45
20220921 191157	binary	custom	TRUE	TRUE	FALSE	-100	-1	0	0	0	31	234	TRUE	757577	0.0105041009641339	0.940831239833391	1	207	0.0463866063069199	22802000	46
20220921 191220	binary	custom	TRUE	TRUE	FALSE	-100	-1	0	0	0	31	227	TRUE	757577	0.0566273513524385	0.861878118234727	1982	16	0.0302756535947505	25532000	47
20220921 191459	binary	custom	TRUE	TRUE	FALSE	-100	-1	0	0	0	31	1085	TRUE	757577	0.0137791791943942	0.953214053057943	1348	286	0.0311769495589956	26700000	48
20220921 191516	binary	custom	TRUE	TRUE	FALSE	-100	-1	0	0	0	31	34	TRUE	757577	0.296730088583489	0.826842307953773	1296	74	0.0334604712748998	24996000	49
20220921 191813	binary	custom	TRUE	TRUE	FALSE	-100	-1	0	0	0	31	712	TRUE	757577	0.0102186126676369	0.386836192843524	477	184	0.0336432333398972	27352000	50
20220921 192001	binary	custom	TRUE	TRUE	FALSE	-100	-1	0	0	0	31	200	TRUE	757577	0.0100566068248373	0.869897090885086	297	185	0.0432317444615504	27572000	51
20220921 192356	binary	custom	TRUE	TRUE	FALSE	-100	-1	0	0	0	31	862	TRUE	757577	0.0102267283110873	0.647601498620817	502	929	0.019797667012117	26832000	52
20220921 192616	binary	custom	TRUE	TRUE	FALSE	-100	-1	0	0	0	31	307	TRUE	757577	0.0107331903565906	0.96662164471646	488	523	0.0336375768242709	27718000	53
20220921 192736	binary	custom	TRUE	TRUE	FALSE	-100	-1	0	0	0	31	388	TRUE	757577	0.0186380023929822	0.711450218625675	1367	972	0.0423334535708139	27274000	54
20220921 192843	binary	custom	TRUE	TRUE	FALSE	-100	-1	0	0	0	31	295	TRUE	757577	0.0176248125446507	0.970033650924868	1421	988	0.0362781702087113	26990000	55
20220921 192951	binary	custom	TRUE	TRUE	FALSE	-100	-1	0	0	0	31	280	TRUE	757577	0.0168643907932282	0.99472401583839	1390	633	0.0491026340251785	27504000	56
20220921 193237	binary	custom	TRUE	TRUE	FALSE	-100	-1	0	0	0	31	1051	TRUE	757577	0.0103369835748047	0.993645366421045	1333	406	0.0450955262573757	27418000	57
20220921 193345	binary	custom	TRUE	TRUE	FALSE	-100	-1	0	0	0	31	320	TRUE	757577	0.019401893220451	0.910332459539178	1304	1009	0.0499611207364454	27530000	58
20220921 193406	binary	custom	TRUE	TRUE	FALSE	-100	-1	0	0	0	31	71	TRUE	757577	0.0693497009566479	0.998200887782315	1352	957	0.047263780295848	27348000	59
20220921 193640	binary	custom	TRUE	TRUE	FALSE	-100	-1	0	0	0	31	881	TRUE	757577	0.010148614994537	0.990808329089529	1244	943	0.0427809867681897	27226000	60
20220921 193833	binary	custom	TRUE	TRUE	FALSE	-100	-1	0	0	0	31	603	TRUE	757577	0.0100365757904746	0.202154612548753	1289	638	0.048919871403227	27176000	61
20220921 193910	binary	custom	TRUE	TRUE	FALSE	-100	-1	0	0	0	31	132	TRUE	757577	0.0322053967702777	0.861622591575496	1239	556	0.0499696727463625	27248000	62
20220921 194221	binary	custom	TRUE	TRUE	FALSE	-100	-1	0	0	0	31	608	TRUE	757577	0.0102003976388563	0.807756787837358	484	932	0.0325004835778302	27236000	63
20220921 194343	binary	custom	TRUE	TRUE	FALSE	-100	-1	0	0	0	31	430	TRUE	757577	0.0151274250042418	0.94543654479217	1509	876	0.0464997550600857	26894000	64
20220921 194716	binary	custom	TRUE	TRUE	FALSE	-100	-1	0	0	0	31	768	TRUE	757577	0.0101666163512255	0.906794424318983	496	345	0.0298062548375417	27630000	65
20220921 195046	binary	custom	TRUE	TRUE	FALSE	-100	-1	0	0	0	31	1346	TRUE	757577	0.0105307993112667	0.998846870437989	1186	1007	0.0258147775372209	26564000	66
20220921 195322	binary	custom	TRUE	TRUE	FALSE	-100	-1	0	0	0	31	414	TRUE	757577	0.0102119500091308	0.900872062198768	479	317	0.0337860601709472	27200000	67
20220921 195552	binary	custom	TRUE	TRUE	FALSE	-100	-1	0	0	0	31	503	TRUE	757577	0.0138904167745078	0.996689801546304	508	617	0.0286448205060675	27484000	68
20220921 195837	binary	custom	TRUE	TRUE	FALSE	-100	-1	0	0	0	31	589	TRUE	757577	0.013556945584571	0.753117492859221	500	562	0.0314860022451305	27348000	69
20220921 200140	binary	custom	TRUE	TRUE	FALSE	-100	-1	0	0	0	31	1285	TRUE	757577	0.0103471373324094	0.221384825799989	1248	962	0.0338131489735019	26162000	70
20220921 200216	binary	custom	TRUE	TRUE	FALSE	-100	-1	0	0	0	31	167	TRUE	757577	0.0123974269327571	0.984747656875965	498	18	0.0217912170801073	24034000	71
20220921 200309	binary	custom	TRUE	TRUE	FALSE	-100	-1	0	0	0	31	146	TRUE	757577	0.0523680911471468	0.99946855911147	492	850	0.0316535995586599	26878000	72
20220921 200436	binary	custom	TRUE	TRUE	FALSE	-100	-1	0	0	0	31	455	TRUE	757577	0.0175746303653195	0.620618748835672	1309	675	0.0479887935487122	27370000	73
20220921 200812	binary	custom	TRUE	TRUE	FALSE	-100	-1	0	0	0	31	330	TRUE	757577	0.0103563559650551	0.992597931578056	341	567	0.0444694707544487	27646000	74
20220921 201047	binary	custom	TRUE	TRUE	FALSE	-100	-1	0	0	0	31	359	TRUE	757577	0.0103000749868508	0.999385591409469	453	678	0.0420183418684679	27504000	75
20220921 201345	binary	custom	TRUE	TRUE	FALSE	-100	-1	0	0	0	31	220	TRUE	757577	0.010034088431348	0.970575623110078	290	509	0.0479579918939418	27268000	76
20220921 201621	binary	custom	TRUE	TRUE	FALSE	-100	-1	0	0	0	31	921	TRUE	757577	0.0100396991107892	0.957815007939634	1295	274	0.0389054268828865	27334000	77
20220921 201924	binary	custom	TRUE	TRUE	FALSE	-100	-1	0	0	0	31	1125	TRUE	757577	0.0103198352966332	0.917444560063338	1156	720	0.0358086321050945	27008000	78
20220921 202029	binary	custom	TRUE	TRUE	FALSE	-100	-1	0	0	0	31	312	TRUE	757577	0.0234234615011926	0.350146525186606	1412	408	0.0499332427108599	26986000	79
20220921 202334	binary	custom	TRUE	TRUE	FALSE	-100	-1	0	0	0	31	510	TRUE	757577	0.0105050106540007	0.982271512623075	501	959	0.0367895762613936	27402000	80
20220921 202442	binary	custom	TRUE	TRUE	FALSE	-100	-1	0	0	0	31	316	TRUE	757577	0.0250750428280956	0.881069671951854	1281	996	0.0359767992148936	27136000	81
20220921 202535	binary	custom	TRUE	TRUE	FALSE	-100	-1	0	0	0	31	201	TRUE	757577	0.0348917515554281	0.493370908592381	1209	531	0.0414620874901144	27134000	82
20220921 202548	binary	custom	TRUE	TRUE	FALSE	-100	-1	0	0	0	31	33	TRUE	757577	0.154870760487908	0.972623450976436	292	88	0.0454091839729671	24380000	83
20220921 202741	binary	custom	TRUE	TRUE	FALSE	-100	-1	0	0	0	31	439	TRUE	757577	0.0176823811174203	0.995342038225249	688	466	0.0294671513718477	27224000	84
20220921 203029	binary	custom	TRUE	TRUE	FALSE	-100	-1	0	0	0	31	734	TRUE	757577	0.0110742050551315	0.987415535141993	837	1012	0.0341335958158711	27476000	85
20220921 203114	binary	custom	TRUE	TRUE	FALSE	-100	-1	0	0	0	31	169	TRUE	757577	0.0490750808946382	0.202623472906337	497	394	0.0259394744157292	26306000	86
20220921 203308	binary	custom	TRUE	TRUE	FALSE	-100	-1	0	0	0	31	156	TRUE	757577	0.0114844283793162	0.672022171669033	409	502	0.0434316267080214	27170000	87
20220921 203437	binary	custom	TRUE	TRUE	FALSE	-100	-1	0	0	0	31	474	TRUE	757577	0.0208723268248964	0.988127490281743	1044	111	0.0341142179886137	27258000	88
20220921 203610	binary	custom	TRUE	TRUE	FALSE	-100	-1	0	0	0	31	732	TRUE	757577	0.0163828000862932	0.27228499482438	5598	544	0.0444789192864862	26062000	89
20220921 203636	binary	custom	TRUE	TRUE	FALSE	-100	-1	0	0	0	31	157	TRUE	757577	0.0649596442842378	0.306521539712312	6216	688	0.0460918408918763	25602000	90
20220921 203653	binary	custom	TRUE	TRUE	FALSE	-100	-1	0	0	0	31	104	TRUE	757577	0.165391242591773	0.324054114470501	5105	420	0.0475809374819869	25648000	91
20220921 203716	binary	custom	TRUE	TRUE	FALSE	-100	-1	0	0	0	31	129	TRUE	757577	0.152105863844654	0.527564572860846	5655	953	0.0432905803024389	25494000	92
20220921 203932	binary	custom	TRUE	TRUE	FALSE	-100	-1	0	0	0	31	624	TRUE	757577	0.0109047757001609	0.428185988970979	1190	145	0.0447871488603923	27278000	93
20220921 204015	binary	custom	TRUE	TRUE	FALSE	-100	-1	0	0	0	31	167	TRUE	757577	0.0430245919774585	0.775897026685432	511	136	0.0327982404726921	26956000	94
20220921 204204	binary	custom	TRUE	TRUE	FALSE	-100	-1	0	0	0	31	526	TRUE	757577	0.0185544623877318	0.966910487951471	893	352	0.0301936845392749	26612000	95
20220921 204427	binary	custom	TRUE	TRUE	FALSE	-100	-1	0	0	0	31	441	TRUE	757577	0.0107493833769266	0.997760247410199	747	479	0.0361459472435356	26800000	96
20220921 204549	binary	custom	TRUE	TRUE	FALSE	-100	-1	0	0	0	31	411	TRUE	757577	0.0238656403969096	0.904960077644109	1001	913	0.0401902315420097	27154000	97
20220921 204814	binary	custom	TRUE	TRUE	FALSE	-100	-1	0	0	0	31	877	TRUE	757577	0.0136867165619974	0.345523763825037	1308	156	0.0432875532354575	26842000	98
20220921 205055	binary	custom	TRUE	TRUE	FALSE	-100	-1	0	0	0	31	861	TRUE	757577	0.0100719075021716	0.856091939521892	1079	233	0.0453483057000661	27228000	99
20220921 205356	binary	custom	TRUE	TRUE	FALSE	-100	-1	0	0	0	31	875	TRUE	757577	0.0106312584182902	0.515360193443231	1047	96	0.0390163201126919	27646000	100
20220921 205416	binary	custom	TRUE	TRUE	FALSE	-100	-1	0	0	0	31	166	TRUE	757577	0.0516293407833211	0.866446094602611	1103	17	0.0398970694240718	27352000	101
20220921 205523	binary	custom	TRUE	TRUE	FALSE	-100	-1	0	0	0	31	264	TRUE	757577	0.0138590848301294	0.777893356618017	652	75	0.0435884375622809	27754000	102
20220921 205834	binary	custom	TRUE	TRUE	FALSE	-100	-1	0	0	0	31	1224	TRUE	757577	0.0140068294743993	0.727215223035812	2845	416	0.0487504179818843	27058000	103
20220921 210141	binary	custom	TRUE	TRUE	FALSE	-100	-1	0	0	0	31	1770	TRUE	757577	0.0103717889826216	0.715586683667975	7015	59	0.0495405369058107	26492000	104
20220921 210322	binary	custom	TRUE	TRUE	FALSE	-100	-1	0	0	0	31	1014	TRUE	757577	0.0100617186003242	0.753593181039977	5482	16	0.0459566078051419	26010000	105
20220921 210554	binary	custom	TRUE	TRUE	FALSE	-100	-1	0	0	0	31	1135	TRUE	757577	0.0167026866859256	0.537404082708887	3357	103	0.0400206048821622	26534000	106
20220921 210609	binary	custom	TRUE	TRUE	FALSE	-100	-1	0	0	0	31	70	TRUE	757577	0.271742563502234	0.517969715348886	6733	16	0.0437663414805193	26132000	107
20220921 210620	binary	custom	TRUE	TRUE	FALSE	-100	-1	0	0	0	31	36	TRUE	757577	0.291981915331043	0.787072632291284	7999	353	0.0498595807072356	25924000	108
20220921 210639	binary	custom	TRUE	TRUE	FALSE	-100	-1	0	0	0	31	120	TRUE	757577	0.102267557885648	0.942574933836083	3103	357	0.0446632994331835	26214000	109
20220921 210947	binary	custom	TRUE	TRUE	FALSE	-100	-1	0	0	0	31	1775	TRUE	757577	0.0103046080445386	0.982980742853642	2684	263	0.0413378288555111	26926000	110
20220921 211045	binary	custom	TRUE	TRUE	FALSE	-100	-1	0	0	0	31	410	TRUE	757577	0.0236385647731601	0.716920896564705	2861	24	0.0478228836977236	26652000	111
20220921 211218	binary	custom	TRUE	TRUE	FALSE	-100	-1	0	0	0	31	439	TRUE	757577	0.0122159970436833	0.671224613955292	840	80	0.0444967781161444	27394000	112
20220921 211357	binary	custom	TRUE	TRUE	FALSE	-100	-1	0	0	0	31	1177	TRUE	757577	0.0124291467977013	0.999762229481547	7629	16	0.0413886499566454	26466000	113
20220921 211411	binary	custom	TRUE	TRUE	FALSE	-100	-1	0	0	0	31	83	TRUE	757577	0.108084518733904	0.999865649751682	7130	659	0.0460567748045126	26070000	114
20220921 211537	binary	custom	TRUE	TRUE	FALSE	-100	-1	0	0	0	31	518	TRUE	757577	0.0133970161379977	0.481426298698911	7999	16	0.0451327214403961	25490000	115
20220921 211810	binary	custom	TRUE	TRUE	FALSE	-100	-1	0	0	0	31	1102	TRUE	757577	0.0113488861634656	0.316427539610694	2860	659	0.0418050615122914	26498000	116
20220921 211917	binary	custom	TRUE	TRUE	FALSE	-100	-1	0	0	0	31	601	TRUE	757577	0.0117739700606718	0.973523299156167	4084	16	0.0272896325040538	24848000	117
20220921 211933	binary	custom	TRUE	TRUE	FALSE	-100	-1	0	0	0	31	114	TRUE	757577	0.26470617647344	0.204784865441409	5518	16	0.0360132282148101	24580000	118
20220921 212131	binary	custom	TRUE	TRUE	FALSE	-100	-1	0	0	0	31	1309	TRUE	757577	0.0101863000907759	0.68347815478697	6858	310	0.0408654646457113	26284000	119
20220921 212319	binary	custom	TRUE	TRUE	FALSE	-100	-1	0	0	0	31	805	TRUE	757577	0.0109418934225814	0.201272094765048	3859	1018	0.0499143052238054	26242000	120

