fecha	objective	metric	first_metric_only	boost_from_average	feature_pre_filter	verbosity	max_depth	min_gain_to_split	lambda_l1	lambda_l2	max_bin	num_iterations	force_row_wise	seed	learning_rate	feature_fraction	min_data_in_leaf	num_leaves	prob_corte	ganancia	iteracion
20220925 205917	binary	custom	TRUE	TRUE	FALSE	-100	-1	0	0	0	31	37	TRUE	102191	0.244031130656018	0.62452575196512	5558	387	0.421787502921224	19602000	1
20220925 205930	binary	custom	TRUE	TRUE	FALSE	-100	-1	0	0	0	31	118	TRUE	102191	0.118903239563806	0.536150591587648	6382	162	0.278575299993129	20552000	2
20220925 205947	binary	custom	TRUE	TRUE	FALSE	-100	-1	0	0	0	31	128	TRUE	102191	0.14707977983309	0.337148493053392	974	954	0.579037874158975	19722000	3
20220925 205950	binary	custom	TRUE	TRUE	FALSE	-100	-1	0	0	0	31	1	TRUE	102191	0.178075529693044	0.784471182683483	7585	628	0.435715794583488	0	4
20220925 210101	binary	custom	TRUE	TRUE	FALSE	-100	-1	0	0	0	31	856	TRUE	102191	0.057738197069848	0.38298627788201	2217	221	0.603588038809569	17486000	5
20220925 210135	binary	custom	TRUE	TRUE	FALSE	-100	-1	0	0	0	31	373	TRUE	102191	0.0972970103867119	0.429563217209652	3656	580	0.157155961425481	19454000	6
20220925 210336	binary	custom	TRUE	TRUE	FALSE	-100	-1	0	0	0	31	2085	TRUE	102191	0.044356783546973	0.226412133406848	3504	868	0.675224458619392	9596000	7
20220925 210406	binary	custom	TRUE	TRUE	FALSE	-100	-1	0	0	0	31	311	TRUE	102191	0.27591596493416	0.447317100511864	2904	339	0.655910874279786	13450000	8
20220925 210441	binary	custom	TRUE	TRUE	FALSE	-100	-1	0	0	0	31	1433	TRUE	102191	0.0889735305930953	0.594746486963704	4865	483	0.547290379966714	16064000	9
20220925 210517	binary	custom	TRUE	TRUE	FALSE	-100	-1	0	0	0	31	300	TRUE	102191	0.030205987595953	0.812321948762983	466	443	0.523933930026738	21648000	10
20220925 210524	binary	custom	TRUE	TRUE	FALSE	-100	-1	0	0	0	31	117	TRUE	102191	0.21306089129101	0.705400813445449	4179	880	0.480992601256656	19346000	11
20220925 210532	binary	custom	TRUE	TRUE	FALSE	-100	-1	0	0	0	31	88	TRUE	102191	0.158145789649105	0.861106545310468	1593	181	0.219693413440243	24960000	12
20220925 210536	binary	custom	TRUE	TRUE	FALSE	-100	-1	0	0	0	31	1	TRUE	102191	0.212881393144722	0.973278445135802	5706	523	0.773968816164653	0	13
20220925 210551	binary	custom	TRUE	TRUE	FALSE	-100	-1	0	0	0	31	110	TRUE	102191	0.139353679565131	0.310782153243199	1869	53	0.361298893922845	25432000	14
20220925 210606	binary	custom	TRUE	TRUE	FALSE	-100	-1	0	0	0	31	295	TRUE	102191	0.295719925888814	0.939521474437788	2422	977	0.121139379363146	17174000	15
20220925 210608	binary	custom	TRUE	TRUE	FALSE	-100	-1	0	0	0	31	1	TRUE	102191	0.0802582472964423	0.653159312102944	7991	116	0.719657604020726	0	16
20220925 210626	binary	custom	TRUE	TRUE	FALSE	-100	-1	0	0	0	31	218	TRUE	102191	0.241423392464872	0.267895147399977	4723	694	0.304570996023154	22606000	17
20220925 210629	binary	custom	TRUE	TRUE	FALSE	-100	-1	0	0	0	31	1	TRUE	102191	0.0221598313672002	0.753010020619258	7063	808	0.173608934435499	0	18
20220925 210732	binary	custom	TRUE	TRUE	FALSE	-100	-1	0	0	0	31	420	TRUE	102191	0.196588656585896	0.518092971378937	252	746	0.800526414851762	19176000	19
20220925 210739	binary	custom	TRUE	TRUE	FALSE	-100	-1	0	0	0	31	219	TRUE	102191	0.26929422836483	0.909669757867232	6647	294	0.339034232688707	21888000	20
20220925 210747	binary	custom	TRUE	TRUE	FALSE	-100	-1	0	0	0	31	162	TRUE	102191	0.299746894054281	0.914920144661661	4187	47	0.298136195829084	23926000	21
20220925 210814	binary	custom	TRUE	TRUE	FALSE	-100	-1	0	0	0	31	26	TRUE	102191	0.112137862883022	0.698769025310874	35	137	0.346992865642375	25624000	22
20220925 210826	binary	custom	TRUE	TRUE	FALSE	-100	-1	0	0	0	31	259	TRUE	102191	0.217620080030206	0.565769912743999	3995	24	0.251651968198141	23072000	23
20220925 210843	binary	custom	TRUE	TRUE	FALSE	-100	-1	0	0	0	31	18	TRUE	102191	0.237849180246472	0.859378066576309	130	729	0.388612807098833	24360000	24
20220925 210855	binary	custom	TRUE	TRUE	FALSE	-100	-1	0	0	0	31	231	TRUE	102191	0.118932621732385	0.713714429360132	2354	175	0.330196746616377	25128000	25
20220925 210910	binary	custom	TRUE	TRUE	FALSE	-100	-1	0	0	0	31	48	TRUE	102191	0.15115608317661	0.513521838333125	521	303	0.30303273283567	25974000	26
20220925 210948	binary	custom	TRUE	TRUE	FALSE	-100	-1	0	0	0	31	539	TRUE	102191	0.121006731762519	0.209643252557087	4428	19	0.253779136478566	22942000	27
20220925 211028	binary	custom	TRUE	TRUE	FALSE	-100	-1	0	0	0	31	118	TRUE	102191	0.149622554055066	0.934628186759669	3	92	0.46332407192975	24138000	28
20220925 211036	binary	custom	TRUE	TRUE	FALSE	-100	-1	0	0	0	31	43	TRUE	102191	0.296242805075176	0.204326070035867	1344	516	0.324758067592669	26144000	29
20220925 211043	binary	custom	TRUE	TRUE	FALSE	-100	-1	0	0	0	31	42	TRUE	102191	0.244369722355349	0.657093364143625	1192	233	0.3514410702468	26234000	30
20220925 211108	binary	custom	TRUE	TRUE	FALSE	-100	-1	0	0	0	31	116	TRUE	102191	0.22394336358636	0.200479311951685	9	277	0.356553500867374	22470000	31
20220925 211116	binary	custom	TRUE	TRUE	FALSE	-100	-1	0	0	0	31	41	TRUE	102191	0.279266216810836	0.554521472585029	1612	493	0.314518065347645	25974000	32
20220925 211126	binary	custom	TRUE	TRUE	FALSE	-100	-1	0	0	0	31	44	TRUE	102191	0.299864538932573	0.368041903907829	1335	949	0.345592446866211	25960000	33
20220925 211136	binary	custom	TRUE	TRUE	FALSE	-100	-1	0	0	0	31	74	TRUE	102191	0.14101423116453	0.654246831065896	1214	252	0.344947578293066	25988000	34
20220925 211146	binary	custom	TRUE	TRUE	FALSE	-100	-1	0	0	0	31	1	TRUE	102191	0.0950224828662477	0.350009057525141	672	16	0.102217694152031	15442000	35
20220925 211202	binary	custom	TRUE	TRUE	FALSE	-100	-1	0	0	0	31	130	TRUE	102191	0.299893906847822	0.319997059829298	4002	292	0.319701773616074	23012000	36
20220925 211211	binary	custom	TRUE	TRUE	FALSE	-100	-1	0	0	0	31	47	TRUE	102191	0.240189884186959	0.228640658706157	1570	783	0.279919957273158	25610000	37
20220925 211220	binary	custom	TRUE	TRUE	FALSE	-100	-1	0	0	0	31	45	TRUE	102191	0.211110032957808	0.999236763691389	700	127	0.307100429092584	26526000	38
20220925 211230	binary	custom	TRUE	TRUE	FALSE	-100	-1	0	0	0	31	25	TRUE	102191	0.299622186922603	0.36793926431422	799	699	0.360931380329014	24740000	39
20220925 211239	binary	custom	TRUE	TRUE	FALSE	-100	-1	0	0	0	31	33	TRUE	102191	0.22917393946336	0.870709343201575	639	366	0.294388332369956	26548000	40
20220925 211247	binary	custom	TRUE	TRUE	FALSE	-100	-1	0	0	0	31	46	TRUE	102191	0.201399891996823	0.780547530960735	1073	131	0.313123991960371	25932000	41
20220925 211255	binary	custom	TRUE	TRUE	FALSE	-100	-1	0	0	0	31	16	TRUE	102191	0.257782985730918	0.999721432254295	508	298	0.326102125091834	26088000	42
20220925 211304	binary	custom	TRUE	TRUE	FALSE	-100	-1	0	0	0	31	240	TRUE	102191	0.249511600383491	0.999858189882058	5820	18	0.260783794835058	21194000	43
20220925 211311	binary	custom	TRUE	TRUE	FALSE	-100	-1	0	0	0	31	48	TRUE	102191	0.239410895638214	0.990159429249494	1808	341	0.32620248804587	26346000	44
20220925 211322	binary	custom	TRUE	TRUE	FALSE	-100	-1	0	0	0	31	75	TRUE	102191	0.272812491155784	0.225119418666422	1831	1024	0.347929416359401	26394000	45
20220925 211330	binary	custom	TRUE	TRUE	FALSE	-100	-1	0	0	0	31	56	TRUE	102191	0.2390687566718	0.914429835299487	1203	67	0.298928193230051	25924000	46
20220925 211429	binary	custom	TRUE	TRUE	FALSE	-100	-1	0	0	0	31	94	TRUE	102191	0.131776159390333	0.997937611692509	2	326	0.282977583590271	23850000	47
20220925 211452	binary	custom	TRUE	TRUE	FALSE	-100	-1	0	0	0	31	129	TRUE	102191	0.0991592665455624	0.516043063538329	700	157	0.439833065823975	25250000	48
20220925 211500	binary	custom	TRUE	TRUE	FALSE	-100	-1	0	0	0	31	89	TRUE	102191	0.226608081521655	0.577024312539333	1608	1024	0.321798135073683	26166000	49
20220925 211507	binary	custom	TRUE	TRUE	FALSE	-100	-1	0	0	0	31	25	TRUE	102191	0.222820034875168	0.923183595306934	986	267	0.330618346619385	25632000	50
20220925 211515	binary	custom	TRUE	TRUE	FALSE	-100	-1	0	0	0	31	50	TRUE	102191	0.246118104334153	0.670533781498426	1630	452	0.299062478292907	25610000	51
20220925 211525	binary	custom	TRUE	TRUE	FALSE	-100	-1	0	0	0	31	64	TRUE	102191	0.141607199211627	0.20036227519139	1395	518	0.350151382778452	26404000	52
20220925 211620	binary	custom	TRUE	TRUE	FALSE	-100	-1	0	0	0	31	146	TRUE	102191	0.269113848408793	0.630266787940505	15	1024	0.406750307928491	23344000	53
20220925 211631	binary	custom	TRUE	TRUE	FALSE	-100	-1	0	0	0	31	105	TRUE	102191	0.246245286400214	0.201298092867869	3166	981	0.304925353675237	23686000	54
20220925 211638	binary	custom	TRUE	TRUE	FALSE	-100	-1	0	0	0	31	14	TRUE	102191	0.299429051042171	0.999601653219446	712	170	0.26291440663776	25744000	55
20220925 211648	binary	custom	TRUE	TRUE	FALSE	-100	-1	0	0	0	31	70	TRUE	102191	0.233922644185648	0.575335188180953	781	369	0.347722196723905	26208000	56
20220925 211655	binary	custom	TRUE	TRUE	FALSE	-100	-1	0	0	0	31	43	TRUE	102191	0.299142920339123	0.998891512342831	1406	1021	0.346254357806308	25252000	57
20220925 211706	binary	custom	TRUE	TRUE	FALSE	-100	-1	0	0	0	31	80	TRUE	102191	0.238223048012639	0.227675843499805	1377	560	0.296054604834541	25776000	58
20220925 211720	binary	custom	TRUE	TRUE	FALSE	-100	-1	0	0	0	31	149	TRUE	102191	0.127443645174395	0.551569834422515	1751	96	0.354732338518429	25700000	59
20220925 211736	binary	custom	TRUE	TRUE	FALSE	-100	-1	0	0	0	31	125	TRUE	102191	0.268523950211369	0.203080343749272	641	658	0.207232157365489	24054000	60
20220925 211744	binary	custom	TRUE	TRUE	FALSE	-100	-1	0	0	0	31	72	TRUE	102191	0.295460538550596	0.646256853989504	2020	35	0.488637164244926	22964000	61
20220925 211751	binary	custom	TRUE	TRUE	FALSE	-100	-1	0	0	0	31	112	TRUE	102191	0.272288981091451	0.999875905326852	2764	351	0.370680401988241	24358000	62
20220925 211810	binary	custom	TRUE	TRUE	FALSE	-100	-1	0	0	0	31	92	TRUE	102191	0.140701137023328	0.211076244679245	1641	889	0.327599991915598	27142000	63
20220925 211921	binary	custom	TRUE	TRUE	FALSE	-100	-1	0	0	0	31	754	TRUE	102191	0.0107859085499956	0.212438439751519	1794	223	0.324519696684665	26018000	64
20220925 211938	binary	custom	TRUE	TRUE	FALSE	-100	-1	0	0	0	31	113	TRUE	102191	0.149371778763837	0.642935227213667	0	17	0.504209989644606	22106000	65
20220925 211950	binary	custom	TRUE	TRUE	FALSE	-100	-1	0	0	0	31	72	TRUE	102191	0.132973897099614	0.200193378375621	1146	1024	0.325854751220186	26484000	66
20220925 212112	binary	custom	TRUE	TRUE	FALSE	-100	-1	0	0	0	31	641	TRUE	102191	0.0108158062062101	0.280840484250716	679	733	0.329409713684445	26982000	67
20220925 212135	binary	custom	TRUE	TRUE	FALSE	-100	-1	0	0	0	31	124	TRUE	102191	0.0821107851819615	0.482513725810533	748	848	0.342558017732235	25954000	68
20220925 212151	binary	custom	TRUE	TRUE	FALSE	-100	-1	0	0	0	31	125	TRUE	102191	0.0771731129160822	0.200115603371739	1422	718	0.324720688085538	26608000	69
20220925 212310	binary	custom	TRUE	TRUE	FALSE	-100	-1	0	0	0	31	727	TRUE	102191	0.0133267213256829	0.262012595771835	761	503	0.325937300703838	26620000	70
20220925 212442	binary	custom	TRUE	TRUE	FALSE	-100	-1	0	0	0	31	1032	TRUE	102191	0.0108662437283198	0.200381597114189	705	810	0.343402052119439	26514000	71
20220925 212453	binary	custom	TRUE	TRUE	FALSE	-100	-1	0	0	0	31	337	TRUE	102191	0.289339431575421	0.998847513650735	4750	345	0.208854910094275	21234000	72
20220925 212738	binary	custom	TRUE	TRUE	FALSE	-100	-1	0	0	0	31	2128	TRUE	102191	0.010174480430704	0.278656975386965	1939	426	0.401393301817535	25076000	73
20220925 212749	binary	custom	TRUE	TRUE	FALSE	-100	-1	0	0	0	31	67	TRUE	102191	0.203882822936141	0.251082602635193	1738	783	0.329329572984288	26106000	74
20220925 212908	binary	custom	TRUE	TRUE	FALSE	-100	-1	0	0	0	31	700	TRUE	102191	0.0100946128308031	0.280884945700137	1741	993	0.322334115720704	26108000	75
20220925 213041	binary	custom	TRUE	TRUE	FALSE	-100	-1	0	0	0	31	927	TRUE	102191	0.0100399995605828	0.639195101979557	504	103	0.388272293149434	25646000	76
20220925 213111	binary	custom	TRUE	TRUE	FALSE	-100	-1	0	0	0	31	130	TRUE	102191	0.0232825013687869	0.314872814624724	4608	128	0.345512914734477	21198000	77
20220925 213252	binary	custom	TRUE	TRUE	FALSE	-100	-1	0	0	0	31	1027	TRUE	102191	0.0101092733059613	0.225824176696596	632	741	0.238502226976705	26536000	78
20220925 213306	binary	custom	TRUE	TRUE	FALSE	-100	-1	0	0	0	31	126	TRUE	102191	0.133073639669502	0.204277951191597	1900	351	0.231374687737789	24604000	79
20220925 213332	binary	custom	TRUE	TRUE	FALSE	-100	-1	0	0	0	31	429	TRUE	102191	0.299840497627123	0.201067564480972	6723	17	0.305136544390255	21620000	80
20220925 213343	binary	custom	TRUE	TRUE	FALSE	-100	-1	0	0	0	31	46	TRUE	102191	0.14907052160762	0.578663117843894	485	929	0.226410952011116	25654000	81
20220925 213352	binary	custom	TRUE	TRUE	FALSE	-100	-1	0	0	0	31	24	TRUE	102191	0.281284118754069	0.630198437901771	556	141	0.326320276305569	24124000	82
20220925 213530	binary	custom	TRUE	TRUE	FALSE	-100	-1	0	0	0	31	574	TRUE	102191	0.0100655931739937	0.302618705405662	319	860	0.295813316289588	27356000	83
20220925 214251	binary	custom	TRUE	TRUE	FALSE	-100	-1	0	0	0	31	389	TRUE	102191	0.0102262544503479	0.430952389452257	17	662	0.251054469322115	27584000	84
20220925 214537	binary	custom	TRUE	TRUE	FALSE	-100	-1	0	0	0	31	919	TRUE	102191	0.0100810114043314	0.524304863605124	314	188	0.24622764901174	27092000	85
20220925 214735	binary	custom	TRUE	TRUE	FALSE	-100	-1	0	0	0	31	805	TRUE	102191	0.0100288124202026	0.399856885920333	578	639	0.262518169318894	26830000	86
20220925 215529	binary	custom	TRUE	TRUE	FALSE	-100	-1	0	0	0	31	272	TRUE	102191	0.0100016452470194	0.440144503187902	6	862	0.218760384525728	25810000	87
20220925 215554	binary	custom	TRUE	TRUE	FALSE	-100	-1	0	0	0	31	44	TRUE	102191	0.243671610883606	0.987682282936194	138	387	0.220897565629371	25172000	88
20220925 220244	binary	custom	TRUE	TRUE	FALSE	-100	-1	0	0	0	31	1315	TRUE	102191	0.0138562845550834	0.31021413203347	3	700	0.253048103387026	23750000	89
20220925 220550	binary	custom	TRUE	TRUE	FALSE	-100	-1	0	0	0	31	820	TRUE	102191	0.0100277149057935	0.501979043420316	191	591	0.309040314545531	27064000	90
20220925 220620	binary	custom	TRUE	TRUE	FALSE	-100	-1	0	0	0	31	109	TRUE	102191	0.0796120083445965	0.437351053613587	328	706	0.268195265276323	26318000	91
20220925 220840	binary	custom	TRUE	TRUE	FALSE	-100	-1	0	0	0	31	699	TRUE	102191	0.0105540829302298	0.425962220800365	245	373	0.356498379407804	26456000	92
20220925 220848	binary	custom	TRUE	TRUE	FALSE	-100	-1	0	0	0	31	44	TRUE	102191	0.231476099417171	0.853235897683383	986	18	0.348051454119443	25628000	93
20220925 221104	binary	custom	TRUE	TRUE	FALSE	-100	-1	0	0	0	31	500	TRUE	102191	0.0102530434681011	0.421601500985374	178	990	0.30216880363515	27750000	94
20220925 221310	binary	custom	TRUE	TRUE	FALSE	-100	-1	0	0	0	31	877	TRUE	102191	0.0106893745759104	0.447628175207751	636	661	0.316918108838135	26890000	95
20220925 221323	binary	custom	TRUE	TRUE	FALSE	-100	-1	0	0	0	31	53	TRUE	102191	0.123167556135099	0.304224579407953	627	1018	0.37200468833714	26460000	96
20220925 221428	binary	custom	TRUE	TRUE	FALSE	-100	-1	0	0	0	31	485	TRUE	102191	0.0127594958497001	0.225174706442416	477	890	0.296271997079092	26842000	97
20220925 221543	binary	custom	TRUE	TRUE	FALSE	-100	-1	0	0	0	31	725	TRUE	102191	0.0108510735749783	0.55733457396283	689	648	0.274276537233695	26642000	98
20220925 221852	binary	custom	TRUE	TRUE	FALSE	-100	-1	0	0	0	31	404	TRUE	102191	0.0395403466939572	0.711790538272926	0	438	0.239344590073502	23844000	99
20220925 222145	binary	custom	TRUE	TRUE	FALSE	-100	-1	0	0	0	31	868	TRUE	102191	0.0104019332322721	0.426165087483334	217	116	0.28236023032395	27068000	100
20220925 222154	binary	custom	TRUE	TRUE	FALSE	-100	-1	0	0	0	31	80	TRUE	102191	0.212471192855665	0.725755671831105	1564	503	0.402023038848117	25380000	101
20220925 222206	binary	custom	TRUE	TRUE	FALSE	-100	-1	0	0	0	31	95	TRUE	102191	0.297431537192168	0.539528214850649	2485	901	0.383548772170718	24348000	102
20220925 222222	binary	custom	TRUE	TRUE	FALSE	-100	-1	0	0	0	31	167	TRUE	102191	0.165388014011921	0.20123522183426	2284	986	0.332218473573551	25938000	103
20220925 222436	binary	custom	TRUE	TRUE	FALSE	-100	-1	0	0	0	31	944	TRUE	102191	0.0100792282700765	0.48538980597107	793	439	0.259609126710579	26864000	104
20220925 222458	binary	custom	TRUE	TRUE	FALSE	-100	-1	0	0	0	31	72	TRUE	102191	0.286478145201799	0.818384587688659	11	70	0.230098840434479	25070000	105
20220925 223957	binary	custom	TRUE	TRUE	FALSE	-100	-1	0	0	0	31	1139	TRUE	102191	0.0101811885457324	0.545720357334986	20	944	0.460880872248348	22696000	106
20220925 224014	binary	custom	TRUE	TRUE	FALSE	-100	-1	0	0	0	31	98	TRUE	102191	0.144234259643694	0.200832825354803	2666	176	0.316895011969836	24284000	107
20220925 224226	binary	custom	TRUE	TRUE	FALSE	-100	-1	0	0	0	31	6	TRUE	102191	0.0110666276528486	0.577176528574724	61	184	0.102311397721808	24398000	108
20220925 224328	binary	custom	TRUE	TRUE	FALSE	-100	-1	0	0	0	31	545	TRUE	102191	0.0111397120720138	0.826741295082215	2	17	0.300174165013656	27382000	109
20220925 224426	binary	custom	TRUE	TRUE	FALSE	-100	-1	0	0	0	31	510	TRUE	102191	0.0148677457743705	0.868115323537924	591	201	0.297258825134061	26788000	110
20220925 224435	binary	custom	TRUE	TRUE	FALSE	-100	-1	0	0	0	31	98	TRUE	102191	0.179633884883523	0.998276204655268	2127	16	0.368858978229839	25110000	111
20220925 224441	binary	custom	TRUE	TRUE	FALSE	-100	-1	0	0	0	31	57	TRUE	102191	0.299327006681607	0.749206634290917	3182	47	0.308546356286067	23782000	112
20220925 224620	binary	custom	TRUE	TRUE	FALSE	-100	-1	0	0	0	31	1169	TRUE	102191	0.0102016115673598	0.757355337811087	24	19	0.334352440253825	27894000	113
20220925 224639	binary	custom	TRUE	TRUE	FALSE	-100	-1	0	0	0	31	243	TRUE	102191	0.289086517389075	0.258702065192784	5530	16	0.233725969818232	20202000	114
20220925 224759	binary	custom	TRUE	TRUE	FALSE	-100	-1	0	0	0	31	920	TRUE	102191	0.0100685810273475	0.745782711728383	27	16	0.414564522514222	26784000	115
20220925 224808	binary	custom	TRUE	TRUE	FALSE	-100	-1	0	0	0	31	31	TRUE	102191	0.23163245167634	0.998702105637357	626	775	0.231489593253403	26218000	116
20220925 224815	binary	custom	TRUE	TRUE	FALSE	-100	-1	0	0	0	31	36	TRUE	102191	0.238035034120064	0.99974633630149	1548	145	0.385834503415409	25154000	117
20220925 224822	binary	custom	TRUE	TRUE	FALSE	-100	-1	0	0	0	31	58	TRUE	102191	0.278512740747145	0.829043846607522	1958	193	0.335539733943095	25200000	118
20220925 224921	binary	custom	TRUE	TRUE	FALSE	-100	-1	0	0	0	31	1051	TRUE	102191	0.0104849420973239	0.999043749082681	1862	398	0.311804074019755	25590000	119
20220925 225004	binary	custom	TRUE	TRUE	FALSE	-100	-1	0	0	0	31	906	TRUE	102191	0.0106726199575588	0.992711724579818	2959	21	0.302058440317059	22844000	120
