fecha	objective	metric	first_metric_only	boost_from_average	feature_pre_filter	verbosity	max_depth	min_gain_to_split	lambda_l1	lambda_l2	max_bin	num_iterations	force_row_wise	seed	learning_rate	feature_fraction	min_data_in_leaf	num_leaves	prob_corte	ganancia	iteracion
20220923 020206	binary	custom	TRUE	TRUE	FALSE	-100	-1	0	0	0	31	33	TRUE	757577	0.2055852854033	0.827108854372054	667	132	0.419751463877275	23914000	1
20220923 020250	binary	custom	TRUE	TRUE	FALSE	-100	-1	0	0	0	31	821	TRUE	757577	0.178594730149955	0.550129106873646	585	398	0.7772561269349	16002000	2
20220923 020257	binary	custom	TRUE	TRUE	FALSE	-100	-1	0	0	0	31	44	TRUE	757577	0.148457186674117	0.923642244404182	360	332	0.369042175052193	25774000	3
20220923 020303	binary	custom	TRUE	TRUE	FALSE	-100	-1	0	0	0	31	32	TRUE	757577	0.167195806012838	0.300381048889831	255	490	0.448639068024337	23092000	4
20220923 020323	binary	custom	TRUE	TRUE	FALSE	-100	-1	0	0	0	31	192	TRUE	757577	0.0539617026711348	0.605250071231276	284	539	0.298880925904532	27372000	5
20220923 020328	binary	custom	TRUE	TRUE	FALSE	-100	-1	0	0	0	31	26	TRUE	757577	0.229347817603266	0.841414568051696	411	599	0.526690393556812	22090000	6
20220923 020401	binary	custom	TRUE	TRUE	FALSE	-100	-1	0	0	0	31	322	TRUE	757577	0.248864639235311	0.662695497786626	131	928	0.710387035002172	21616000	7
20220923 020414	binary	custom	TRUE	TRUE	FALSE	-100	-1	0	0	0	31	184	TRUE	757577	0.131813859649817	0.579065846102312	520	24	0.215245635202392	25246000	8
20220923 020425	binary	custom	TRUE	TRUE	FALSE	-100	-1	0	0	0	31	139	TRUE	757577	0.109701138952398	0.374271511994302	480	268	0.539993691353165	21572000	9
20220923 020437	binary	custom	TRUE	TRUE	FALSE	-100	-1	0	0	0	31	81	TRUE	757577	0.257601200490259	0.494968747133389	176	994	0.262358021185904	24918000	10
20220923 020458	binary	custom	TRUE	TRUE	FALSE	-100	-1	0	0	0	31	440	TRUE	757577	0.0495929444161011	0.245980884823948	685	748	0.605802812400911	18222000	11
20220923 020523	binary	custom	TRUE	TRUE	FALSE	-100	-1	0	0	0	31	59	TRUE	757577	0.277517345841741	0.895749178361148	24	702	0.162124601038344	24648000	12
20220923 020531	binary	custom	TRUE	TRUE	FALSE	-100	-1	0	0	0	31	182	TRUE	757577	0.191444134054706	0.791498073032126	778	184	0.675175786021935	15036000	13
20220923 020633	binary	custom	TRUE	TRUE	FALSE	-100	-1	0	0	0	31	168	TRUE	757577	0.030883958931081	0.759112924737856	56	314	0.479162346109586	23182000	14
20220923 020640	binary	custom	TRUE	TRUE	FALSE	-100	-1	0	0	0	31	1	TRUE	757577	0.0878177602320211	0.466494289841503	736	466	0.105341321700823	17054000	15
20220923 020659	binary	custom	TRUE	TRUE	FALSE	-100	-1	0	0	0	31	216	TRUE	757577	0.0758570942620281	0.410502965021878	238	909	0.209073786910063	26528000	16
20220923 020706	binary	custom	TRUE	TRUE	FALSE	-100	-1	0	0	0	31	94	TRUE	757577	0.214432898020837	0.339214801695198	620	807	0.578651354094606	19158000	17
20220923 020725	binary	custom	TRUE	TRUE	FALSE	-100	-1	0	0	0	31	293	TRUE	757577	0.118346950461157	0.989536955850199	353	842	0.660651492207948	17678000	18
20220923 021030	binary	custom	TRUE	TRUE	FALSE	-100	-1	0	0	0	31	2999	TRUE	757577	0.0235337666387204	0.226156003214419	99	670	0.810768534815443	18530000	19
20220923 021035	binary	custom	TRUE	TRUE	FALSE	-100	-1	0	0	0	31	26	TRUE	757577	0.297206560839433	0.697930820994079	446	77	0.343999384905981	25410000	20
20220923 021107	binary	custom	TRUE	TRUE	FALSE	-100	-1	0	0	0	31	334	TRUE	757577	0.025252144500299	0.765267720332319	251	184	0.246957947745414	26946000	21
20220923 021231	binary	custom	TRUE	TRUE	FALSE	-100	-1	0	0	0	31	66	TRUE	757577	0.0346969368112957	0.580353311474046	0	571	0.230054689583323	21910000	22
20220923 021248	binary	custom	TRUE	TRUE	FALSE	-100	-1	0	0	0	31	147	TRUE	757577	0.126249672008817	0.805808821463847	324	567	0.242084018277416	25888000	23
20220923 021348	binary	custom	TRUE	TRUE	FALSE	-100	-1	0	0	0	31	647	TRUE	757577	0.0112509920443095	0.47592130485878	329	133	0.298917487820757	27634000	24
20220923 021424	binary	custom	TRUE	TRUE	FALSE	-100	-1	0	0	0	31	410	TRUE	757577	0.0262750006163706	0.742725754815641	282	63	0.308741735971248	27376000	25
20220923 021509	binary	custom	TRUE	TRUE	FALSE	-100	-1	0	0	0	31	629	TRUE	757577	0.0101308575649217	0.656271414942521	425	231	0.303250042467302	27440000	26
20220923 021610	binary	custom	TRUE	TRUE	FALSE	-100	-1	0	0	0	31	494	TRUE	757577	0.0101510249992304	0.58107083370509	292	279	0.295862308102835	27592000	27
20220923 021715	binary	custom	TRUE	TRUE	FALSE	-100	-1	0	0	0	31	740	TRUE	757577	0.0101799194424139	0.427016903341278	343	902	0.307381977493609	27540000	28
20220923 021801	binary	custom	TRUE	TRUE	FALSE	-100	-1	0	0	0	31	808	TRUE	757577	0.0104336091789101	0.200787414855479	376	657	0.302689494202161	27378000	29
20220923 021928	binary	custom	TRUE	TRUE	FALSE	-100	-1	0	0	0	31	1157	TRUE	757577	0.0101527032743769	0.490493956472806	368	403	0.3225763208296	26980000	30
20220923 022011	binary	custom	TRUE	TRUE	FALSE	-100	-1	0	0	0	31	458	TRUE	757577	0.0153606297943783	0.594960984558396	367	36	0.279243044987637	27154000	31
20220923 022100	binary	custom	TRUE	TRUE	FALSE	-100	-1	0	0	0	31	666	TRUE	757577	0.0112398944198421	0.250330446751909	285	819	0.296057441868221	27528000	32
20220923 022121	binary	custom	TRUE	TRUE	FALSE	-100	-1	0	0	0	31	282	TRUE	757577	0.0361887382454529	0.356422023042806	457	853	0.296821135822693	27108000	33
20220923 022132	binary	custom	TRUE	TRUE	FALSE	-100	-1	0	0	0	31	89	TRUE	757577	0.0701302510129365	0.294148465798347	285	182	0.291618129676508	26984000	34
20220923 022244	binary	custom	TRUE	TRUE	FALSE	-100	-1	0	0	0	31	935	TRUE	757577	0.010210058349541	0.707551205228711	303	751	0.297369503504179	27566000	35
20220923 022326	binary	custom	TRUE	TRUE	FALSE	-100	-1	0	0	0	31	410	TRUE	757577	0.0176172391329172	0.964201575814125	321	169	0.300000266996564	27246000	36
20220923 022421	binary	custom	TRUE	TRUE	FALSE	-100	-1	0	0	0	31	750	TRUE	757577	0.0100389244419148	0.364482300422266	496	107	0.300752664976222	27018000	37
20220923 022507	binary	custom	TRUE	TRUE	FALSE	-100	-1	0	0	0	31	479	TRUE	757577	0.0118152794378438	0.681743657875163	312	171	0.29830849364208	27230000	38
20220923 022525	binary	custom	TRUE	TRUE	FALSE	-100	-1	0	0	0	31	122	TRUE	757577	0.0405893088932285	0.978488993911677	248	878	0.302295429090402	27044000	39
20220923 022635	binary	custom	TRUE	TRUE	FALSE	-100	-1	0	0	0	31	652	TRUE	757577	0.0101613177560216	0.481163896905573	257	49	0.300231380831472	27900000	40
20220923 022909	binary	custom	TRUE	TRUE	FALSE	-100	-1	0	0	0	31	3113	TRUE	757577	0.010303720627416	0.432684487295535	256	17	0.179714877783009	25438000	41
20220923 023016	binary	custom	TRUE	TRUE	FALSE	-100	-1	0	0	0	31	614	TRUE	757577	0.0101548414607847	0.47010193743151	267	694	0.28950456801775	27956000	42
20220923 023038	binary	custom	TRUE	TRUE	FALSE	-100	-1	0	0	0	31	257	TRUE	757577	0.0236654378354115	0.996999584961784	470	28	0.308150931012568	26902000	43
20220923 023155	binary	custom	TRUE	TRUE	FALSE	-100	-1	0	0	0	31	966	TRUE	757577	0.010304878018754	0.998993693744982	208	35	0.305600554737714	27956000	44
20220923 023322	binary	custom	TRUE	TRUE	FALSE	-100	-1	0	0	0	31	855	TRUE	757577	0.0102521360430077	0.999146620316741	229	112	0.306942777993166	27620000	45
20220923 023449	binary	custom	TRUE	TRUE	FALSE	-100	-1	0	0	0	31	1402	TRUE	757577	0.0125335433663906	0.484211879066379	199	16	0.299846244899879	27770000	46
20220923 023454	binary	custom	TRUE	TRUE	FALSE	-100	-1	0	0	0	31	20	TRUE	757577	0.210028008113041	0.996186111683204	197	17	0.298872345915268	27242000	47
20220923 023608	binary	custom	TRUE	TRUE	FALSE	-100	-1	0	0	0	31	795	TRUE	757577	0.0103885983727086	0.456834992957467	284	726	0.298463178190296	27652000	48
20220923 023755	binary	custom	TRUE	TRUE	FALSE	-100	-1	0	0	0	31	1437	TRUE	757577	0.0104200874855854	0.481780699826063	335	1005	0.278673425018277	27616000	49
20220923 023919	binary	custom	TRUE	TRUE	FALSE	-100	-1	0	0	0	31	1046	TRUE	757577	0.0100308656916124	0.471919466631563	345	634	0.287071558183454	27716000	50
20220923 024029	binary	custom	TRUE	TRUE	FALSE	-100	-1	0	0	0	31	588	TRUE	757577	0.010159263882162	0.923525114619166	216	511	0.281005618687188	27546000	51
20220923 024120	binary	custom	TRUE	TRUE	FALSE	-100	-1	0	0	0	31	1176	TRUE	757577	0.0174859335013352	0.99113626529225	212	17	0.291260475474498	27808000	52
20220923 024239	binary	custom	TRUE	TRUE	FALSE	-100	-1	0	0	0	31	728	TRUE	757577	0.010071111613301	0.53608498474286	258	808	0.274744850465324	27672000	53
20220923 024305	binary	custom	TRUE	TRUE	FALSE	-100	-1	0	0	0	31	505	TRUE	757577	0.0214164712205881	0.9867688130054	179	16	0.356904595304398	27140000	54
20220923 024412	binary	custom	TRUE	TRUE	FALSE	-100	-1	0	0	0	31	797	TRUE	757577	0.0106011497304726	0.348881960368165	255	398	0.28918436106658	27824000	55
20220923 024509	binary	custom	TRUE	TRUE	FALSE	-100	-1	0	0	0	31	620	TRUE	757577	0.0102930123180099	0.983511180480157	413	971	0.295517064082148	26752000	56
20220923 024514	binary	custom	TRUE	TRUE	FALSE	-100	-1	0	0	0	31	17	TRUE	757577	0.292190955243256	0.98908496416538	193	16	0.202035406986323	23896000	57
20220923 024621	binary	custom	TRUE	TRUE	FALSE	-100	-1	0	0	0	31	811	TRUE	757577	0.0281425433332362	0.860537419740494	212	1024	0.148154552581194	27400000	58
20220923 024658	binary	custom	TRUE	TRUE	FALSE	-100	-1	0	0	0	31	9	TRUE	757577	0.0104041606726613	0.456427502232597	176	1024	0.11046236857188	21346000	59
20220923 024909	binary	custom	TRUE	TRUE	FALSE	-100	-1	0	0	0	31	2088	TRUE	757577	0.0134667181585076	0.892061258769772	319	1023	0.179858177042872	26732000	60
20220923 024936	binary	custom	TRUE	TRUE	FALSE	-100	-1	0	0	0	31	505	TRUE	757577	0.0854412763246012	0.246757223429277	272	1024	0.164916401758872	25894000	61
20220923 025030	binary	custom	TRUE	TRUE	FALSE	-100	-1	0	0	0	31	512	TRUE	757577	0.0171119555820312	0.514790112158851	254	912	0.28796294081692	27604000	62
20220923 025145	binary	custom	TRUE	TRUE	FALSE	-100	-1	0	0	0	31	1307	TRUE	757577	0.012634222893835	0.261698065850265	402	979	0.252605452291598	26320000	63
20220923 025316	binary	custom	TRUE	TRUE	FALSE	-100	-1	0	0	0	31	1773	TRUE	757577	0.0103663436492508	0.348876606321567	209	16	0.362584163822247	26880000	64
20220923 025416	binary	custom	TRUE	TRUE	FALSE	-100	-1	0	0	0	31	630	TRUE	757577	0.011696474782468	0.623460919575564	446	989	0.354351292242145	26868000	65
20220923 025613	binary	custom	TRUE	TRUE	FALSE	-100	-1	0	0	0	31	2267	TRUE	757577	0.0169907864337397	0.45844913538985	629	1024	0.203127107912345	25808000	66
20220923 025724	binary	custom	TRUE	TRUE	FALSE	-100	-1	0	0	0	31	937	TRUE	757577	0.0103978544676022	0.480640607469174	732	18	0.35865867588592	26142000	67
20220923 025830	binary	custom	TRUE	TRUE	FALSE	-100	-1	0	0	0	31	727	TRUE	757577	0.0103365000076516	0.917558552788594	265	40	0.261594760100077	27446000	68
20220923 030017	binary	custom	TRUE	TRUE	FALSE	-100	-1	0	0	0	31	447	TRUE	757577	0.010516250595174	0.925449565798792	3	101	0.395943743913718	24796000	69
20220923 030121	binary	custom	TRUE	TRUE	FALSE	-100	-1	0	0	0	31	793	TRUE	757577	0.0119559423628517	0.536919093531489	687	1023	0.311629529550772	26230000	70
20220923 030343	binary	custom	TRUE	TRUE	FALSE	-100	-1	0	0	0	31	1877	TRUE	757577	0.013988166311721	0.998332497185886	244	263	0.154424255615585	27308000	71
20220923 030629	binary	custom	TRUE	TRUE	FALSE	-100	-1	0	0	0	31	2106	TRUE	757577	0.0106840701079565	0.982496358190856	229	821	0.155884187339625	26744000	72
20220923 030639	binary	custom	TRUE	TRUE	FALSE	-100	-1	0	0	0	31	4	TRUE	757577	0.101530469244046	0.998712343506134	210	16	0.144705782434474	20834000	73
20220923 030648	binary	custom	TRUE	TRUE	FALSE	-100	-1	0	0	0	31	53	TRUE	757577	0.18173558463759	0.570902800699741	426	648	0.306251424521001	26002000	74
20220923 030714	binary	custom	TRUE	TRUE	FALSE	-100	-1	0	0	0	31	489	TRUE	757577	0.0688690709285669	0.862325985803283	457	1024	0.197859320722621	26350000	75
20220923 030726	binary	custom	TRUE	TRUE	FALSE	-100	-1	0	0	0	31	123	TRUE	757577	0.117596865264843	0.99540711718611	253	16	0.305797244778305	26928000	76
20220923 030743	binary	custom	TRUE	TRUE	FALSE	-100	-1	0	0	0	31	297	TRUE	757577	0.206617842513979	0.218624620572659	454	1015	0.204499775409339	25204000	77
20220923 030752	binary	custom	TRUE	TRUE	FALSE	-100	-1	0	0	0	31	89	TRUE	757577	0.229191002932802	0.389506254578612	56	16	0.347686108674979	26050000	78
20220923 030815	binary	custom	TRUE	TRUE	FALSE	-100	-1	0	0	0	31	241	TRUE	757577	0.287470063579358	0.996223180773151	1	139	0.30621012832883	22070000	79
20220923 030821	binary	custom	TRUE	TRUE	FALSE	-100	-1	0	0	0	31	31	TRUE	757577	0.207263000388331	0.465872627215584	340	16	0.269154121598757	26602000	80
20220923 030830	binary	custom	TRUE	TRUE	FALSE	-100	-1	0	0	0	31	56	TRUE	757577	0.196228039414612	0.497123303941118	418	17	0.351935185909189	25672000	81
20220923 030839	binary	custom	TRUE	TRUE	FALSE	-100	-1	0	0	0	31	47	TRUE	757577	0.0904690696733314	0.327889677531639	267	1022	0.276824690620964	26486000	82
20220923 030851	binary	custom	TRUE	TRUE	FALSE	-100	-1	0	0	0	31	113	TRUE	757577	0.208931037963973	0.99822813252254	494	264	0.253330626889486	25370000	83
20220923 030903	binary	custom	TRUE	TRUE	FALSE	-100	-1	0	0	0	31	63	TRUE	757577	0.0562243457237517	0.87293861805335	287	701	0.281010313677118	27302000	84
20220923 031127	binary	custom	TRUE	TRUE	FALSE	-100	-1	0	0	0	31	2100	TRUE	757577	0.0101215576659264	0.871848733998035	264	332	0.193369911366594	26616000	85
20220923 031145	binary	custom	TRUE	TRUE	FALSE	-100	-1	0	0	0	31	210	TRUE	757577	0.0452603164495062	0.96443297183187	438	693	0.374239198103489	26586000	86
20220923 031152	binary	custom	TRUE	TRUE	FALSE	-100	-1	0	0	0	31	18	TRUE	757577	0.241664164059906	0.631727178825485	257	981	0.371220186188593	26214000	87
20220923 031205	binary	custom	TRUE	TRUE	FALSE	-100	-1	0	0	0	31	134	TRUE	757577	0.0744119753452916	0.24715694618107	244	873	0.361365641914972	26224000	88
20220923 031211	binary	custom	TRUE	TRUE	FALSE	-100	-1	0	0	0	31	48	TRUE	757577	0.299684363455862	0.280656514265192	800	977	0.369763829747887	25460000	89
20220923 031330	binary	custom	TRUE	TRUE	FALSE	-100	-1	0	0	0	31	1801	TRUE	757577	0.010053235637582	0.239000647266244	794	1006	0.395820649636047	25150000	90
20220923 031610	binary	custom	TRUE	TRUE	FALSE	-100	-1	0	0	0	31	3983	TRUE	757577	0.0101537764531388	0.999298561332808	582	243	0.168190901842941	24526000	91
20220923 031620	binary	custom	TRUE	TRUE	FALSE	-100	-1	0	0	0	31	174	TRUE	757577	0.16403144630102	0.924144070759212	211	16	0.250680107831798	26218000	92
20220923 031628	binary	custom	TRUE	TRUE	FALSE	-100	-1	0	0	0	31	89	TRUE	757577	0.133300815241449	0.882878176491878	785	1019	0.369647638899362	25280000	93
20220923 031635	binary	custom	TRUE	TRUE	FALSE	-100	-1	0	0	0	31	54	TRUE	757577	0.299491094834229	0.991526061376205	477	787	0.397562554315798	24842000	94
20220923 031741	binary	custom	TRUE	TRUE	FALSE	-100	-1	0	0	0	31	1080	TRUE	757577	0.0102149409247775	0.329086009677643	318	17	0.306853359745181	27484000	95
20220923 031903	binary	custom	TRUE	TRUE	FALSE	-100	-1	0	0	0	31	1192	TRUE	757577	0.0102507176267912	0.280854186390841	256	62	0.259430464822482	27288000	96
20220923 031917	binary	custom	TRUE	TRUE	FALSE	-100	-1	0	0	0	31	111	TRUE	757577	0.239136824848782	0.933708230456438	212	1024	0.164993465351602	24866000	97
20220923 032006	binary	custom	TRUE	TRUE	FALSE	-100	-1	0	0	0	31	650	TRUE	757577	0.0413156030623424	0.916381301298561	267	1007	0.160654494990153	27326000	98
20220923 032013	binary	custom	TRUE	TRUE	FALSE	-100	-1	0	0	0	31	63	TRUE	757577	0.232487890508555	0.996914700822523	160	16	0.372203868481061	25528000	99
20220923 032130	binary	custom	TRUE	TRUE	FALSE	-100	-1	0	0	0	31	979	TRUE	757577	0.0101103047032543	0.532631427785429	450	411	0.366170204272347	26520000	100
20220923 032159	binary	custom	TRUE	TRUE	FALSE	-100	-1	0	0	0	31	276	TRUE	757577	0.0492674898382143	0.896097890347506	230	1024	0.413388904940656	24950000	101
20220923 032206	binary	custom	TRUE	TRUE	FALSE	-100	-1	0	0	0	31	33	TRUE	757577	0.237946586551038	0.505528833124848	795	29	0.302637749443621	25426000	102
20220923 032215	binary	custom	TRUE	TRUE	FALSE	-100	-1	0	0	0	31	23	TRUE	757577	0.208078252575402	0.991358196883923	224	696	0.34575611219972	25338000	103
20220923 032222	binary	custom	TRUE	TRUE	FALSE	-100	-1	0	0	0	31	73	TRUE	757577	0.290467760345652	0.200331987454268	356	420	0.375964655776779	24834000	104
20220923 032233	binary	custom	TRUE	TRUE	FALSE	-100	-1	0	0	0	31	69	TRUE	757577	0.206522202868069	0.373289964440138	231	68	0.302334893569107	25858000	105
20220923 032347	binary	custom	TRUE	TRUE	FALSE	-100	-1	0	0	0	31	764	TRUE	757577	0.0104295085260028	0.439091432384745	268	257	0.27305771852622	27410000	106
20220923 032408	binary	custom	TRUE	TRUE	FALSE	-100	-1	0	0	0	31	264	TRUE	757577	0.0581317625682985	0.584558232325032	254	16	0.351269633307931	26782000	107
20220923 032516	binary	custom	TRUE	TRUE	FALSE	-100	-1	0	0	0	31	995	TRUE	757577	0.0309297243900606	0.66735534126181	277	1024	0.158658520230402	26602000	108
20220923 032533	binary	custom	TRUE	TRUE	FALSE	-100	-1	0	0	0	31	258	TRUE	757577	0.0733665387951031	0.700896274988399	438	776	0.305623639076125	27142000	109
20220923 032546	binary	custom	TRUE	TRUE	FALSE	-100	-1	0	0	0	31	117	TRUE	757577	0.0635509662117717	0.475483852898842	406	16	0.250126821665111	25966000	110
20220923 032626	binary	custom	TRUE	TRUE	FALSE	-100	-1	0	0	0	31	775	TRUE	757577	0.0100447314201667	0.962158395706523	800	19	0.439284523852099	23626000	111
20220923 032632	binary	custom	TRUE	TRUE	FALSE	-100	-1	0	0	0	31	39	TRUE	757577	0.295715101878493	0.212717290117933	792	42	0.222160015755528	23080000	112
20220923 032655	binary	custom	TRUE	TRUE	FALSE	-100	-1	0	0	0	31	220	TRUE	757577	0.285169628678144	0.20218963350103	3	1024	0.408195895720261	21396000	113
20220923 032848	binary	custom	TRUE	TRUE	FALSE	-100	-1	0	0	0	31	303	TRUE	757577	0.0429828281647609	0.978359403551113	40	1018	0.153791398814119	26706000	114
20220923 032854	binary	custom	TRUE	TRUE	FALSE	-100	-1	0	0	0	31	68	TRUE	757577	0.249979294441717	0.68845626329858	768	523	0.365595047344259	25312000	115
20220923 032901	binary	custom	TRUE	TRUE	FALSE	-100	-1	0	0	0	31	35	TRUE	757577	0.285578498860558	0.796854423331748	537	1024	0.34121873145822	24972000	116
20220923 033037	binary	custom	TRUE	TRUE	FALSE	-100	-1	0	0	0	31	509	TRUE	757577	0.0101315450257928	0.941441549795692	131	925	0.367308842167174	26866000	117
20220923 033044	binary	custom	TRUE	TRUE	FALSE	-100	-1	0	0	0	31	27	TRUE	757577	0.178434813335072	0.89188196633618	322	20	0.289294310877811	26344000	118
20220923 033058	binary	custom	TRUE	TRUE	FALSE	-100	-1	0	0	0	31	150	TRUE	757577	0.133341699709709	0.358003565637835	272	1022	0.200479328125433	25856000	119
20220923 033110	binary	custom	TRUE	TRUE	FALSE	-100	-1	0	0	0	31	89	TRUE	757577	0.0496579246052555	0.900820302695596	165	16	0.303575564350112	26928000	120
20220923 033121	binary	custom	TRUE	TRUE	FALSE	-100	-1	0	0	0	31	74	TRUE	757577	0.114235399234805	0.492068328557611	414	423	0.305794265097719	26024000	121
20220923 033133	binary	custom	TRUE	TRUE	FALSE	-100	-1	0	0	0	31	87	TRUE	757577	0.219191101959699	0.603690845612662	223	253	0.223207421703932	25806000	122
20220923 033145	binary	custom	TRUE	TRUE	FALSE	-100	-1	0	0	0	31	54	TRUE	757577	0.0957641356013622	0.787718311733907	210	1017	0.371268888396193	26068000	123
20220923 033155	binary	custom	TRUE	TRUE	FALSE	-100	-1	0	0	0	31	47	TRUE	757577	0.203545808366577	0.999190294395177	202	807	0.27756489138837	25332000	124
20220923 033201	binary	custom	TRUE	TRUE	FALSE	-100	-1	0	0	0	31	45	TRUE	757577	0.235135851670156	0.200335194019789	480	1024	0.340089357900742	24772000	125
20220923 033213	binary	custom	TRUE	TRUE	FALSE	-100	-1	0	0	0	31	96	TRUE	757577	0.299764245807867	0.208373433190687	217	1023	0.160083775441428	24264000	126
20220923 033315	binary	custom	TRUE	TRUE	FALSE	-100	-1	0	0	0	31	767	TRUE	757577	0.0100129437430262	0.982164675267059	259	28	0.242325430645423	26384000	127
20220923 033421	binary	custom	TRUE	TRUE	FALSE	-100	-1	0	0	0	31	646	TRUE	757577	0.0101416864446855	0.807326954554177	266	1000	0.264271677585051	26982000	128
20220923 033444	binary	custom	TRUE	TRUE	FALSE	-100	-1	0	0	0	31	291	TRUE	757577	0.0274202916785819	0.201367123039609	265	722	0.279372638755207	27326000	129
20220923 033600	binary	custom	TRUE	TRUE	FALSE	-100	-1	0	0	0	31	791	TRUE	757577	0.0263023190643999	0.878232984025985	175	260	0.16821671468369	27596000	130
20220923 033857	binary	custom	TRUE	TRUE	FALSE	-100	-1	0	0	0	31	2324	TRUE	757577	0.0106391066585385	0.889636684790808	107	49	0.151619044945028	26978000	131
20220923 033910	binary	custom	TRUE	TRUE	FALSE	-100	-1	0	0	0	31	46	TRUE	757577	0.227581647609542	0.698453338266887	357	125	0.320602872263177	26220000	132
20220923 033921	binary	custom	TRUE	TRUE	FALSE	-100	-1	0	0	0	31	82	TRUE	757577	0.084702913878254	0.211470722007459	747	903	0.207396905356944	23144000	133
20220923 033951	binary	custom	TRUE	TRUE	FALSE	-100	-1	0	0	0	31	339	TRUE	757577	0.0551359495364486	0.788275345254197	218	1020	0.180373317093099	26728000	134
20220923 034008	binary	custom	TRUE	TRUE	FALSE	-100	-1	0	0	0	31	122	TRUE	757577	0.0541079987213536	0.554458932464872	391	1018	0.307723633358929	27238000	135
20220923 034023	binary	custom	TRUE	TRUE	FALSE	-100	-1	0	0	0	31	257	TRUE	757577	0.0627798596619568	0.216101450075684	487	16	0.385744564461294	25586000	136
20220923 034052	binary	custom	TRUE	TRUE	FALSE	-100	-1	0	0	0	31	226	TRUE	757577	0.0340779455548694	0.828636103182106	227	761	0.346001287686884	26618000	137
20220923 034128	binary	custom	TRUE	TRUE	FALSE	-100	-1	0	0	0	31	698	TRUE	757577	0.0331684951313112	0.20881047577355	278	1010	0.194993201382205	26786000	138
20220923 034135	binary	custom	TRUE	TRUE	FALSE	-100	-1	0	0	0	31	50	TRUE	757577	0.299672998555181	0.709978226969822	796	1014	0.461454627924861	24026000	139
20220923 034143	binary	custom	TRUE	TRUE	FALSE	-100	-1	0	0	0	31	48	TRUE	757577	0.136230941560839	0.501998081602934	17	18	0.372118758220176	24794000	140
20220923 034150	binary	custom	TRUE	TRUE	FALSE	-100	-1	0	0	0	31	17	TRUE	757577	0.280907262002052	0.661185614359798	505	1024	0.200079232586236	22796000	141
20220923 034203	binary	custom	TRUE	TRUE	FALSE	-100	-1	0	0	0	31	92	TRUE	757577	0.227602199764575	0.207072921457507	84	347	0.175180850546605	25918000	142
20220923 034212	binary	custom	TRUE	TRUE	FALSE	-100	-1	0	0	0	31	65	TRUE	757577	0.172349024281587	0.201037598686729	231	402	0.249801969711825	25674000	143
20220923 034231	binary	custom	TRUE	TRUE	FALSE	-100	-1	0	0	0	31	131	TRUE	757577	0.0380163567938533	0.482173441855993	284	1020	0.37761154691384	26070000	144
20220923 034240	binary	custom	TRUE	TRUE	FALSE	-100	-1	0	0	0	31	122	TRUE	757577	0.118060134609837	0.925780913590466	781	956	0.463441422612719	23668000	145
20220923 034246	binary	custom	TRUE	TRUE	FALSE	-100	-1	0	0	0	31	28	TRUE	757577	0.228454264549102	0.781539390498974	187	16	0.264286095151052	26480000	146
20220923 034304	binary	custom	TRUE	TRUE	FALSE	-100	-1	0	0	0	31	354	TRUE	757577	0.193564684528589	0.20638444635548	288	16	0.204100464708719	25556000	147
20220923 034327	binary	custom	TRUE	TRUE	FALSE	-100	-1	0	0	0	31	59	TRUE	757577	0.208479023539218	0.277583807373588	0	1020	0.154740072585931	22708000	148
20220923 034332	binary	custom	TRUE	TRUE	FALSE	-100	-1	0	0	0	31	34	TRUE	757577	0.242185447301559	0.202078738151239	228	17	0.247710793733622	25046000	149
20220923 034345	binary	custom	TRUE	TRUE	FALSE	-100	-1	0	0	0	31	141	TRUE	757577	0.252211883182414	0.468228511533927	354	23	0.171383225002049	24994000	150
20220923 034513	binary	custom	TRUE	TRUE	FALSE	-100	-1	0	0	0	31	2080	TRUE	757577	0.0101203334230311	0.200350519344744	553	929	0.459294991580909	23536000	151
20220923 034522	binary	custom	TRUE	TRUE	FALSE	-100	-1	0	0	0	31	63	TRUE	757577	0.173114507733525	0.991094231432909	415	1014	0.392856259528789	25238000	152
20220923 034624	binary	custom	TRUE	TRUE	FALSE	-100	-1	0	0	0	31	958	TRUE	757577	0.0315219863879991	0.834265187146833	323	1021	0.206226844889377	27354000	153
20220923 034630	binary	custom	TRUE	TRUE	FALSE	-100	-1	0	0	0	31	28	TRUE	757577	0.299969226156485	0.999532427867228	229	16	0.471678886590784	23292000	154
20220923 034643	binary	custom	TRUE	TRUE	FALSE	-100	-1	0	0	0	31	222	TRUE	757577	0.104808000488519	0.20429034309792	798	933	0.418865386386937	25006000	155
20220923 034656	binary	custom	TRUE	TRUE	FALSE	-100	-1	0	0	0	31	166	TRUE	757577	0.0896864703119132	0.211896561859962	799	19	0.480104624255201	22702000	156
20220923 034711	binary	custom	TRUE	TRUE	FALSE	-100	-1	0	0	0	31	218	TRUE	757577	0.070481335966616	0.618465813430012	622	835	0.368790734638479	25746000	157
20220923 034812	binary	custom	TRUE	TRUE	FALSE	-100	-1	0	0	0	31	618	TRUE	757577	0.0103076119634809	0.547996486859582	354	21	0.304436342036991	27520000	158
20220923 034826	binary	custom	TRUE	TRUE	FALSE	-100	-1	0	0	0	31	83	TRUE	757577	0.133829335121968	0.988370369957894	227	940	0.308301049185391	26486000	159
20220923 034841	binary	custom	TRUE	TRUE	FALSE	-100	-1	0	0	0	31	250	TRUE	757577	0.0404806152603876	0.778322575181639	800	154	0.303093396706035	26410000	160
20220923 034848	binary	custom	TRUE	TRUE	FALSE	-100	-1	0	0	0	31	24	TRUE	757577	0.299440931091296	0.472156676271029	790	21	0.393610859870302	24528000	161
20220923 034909	binary	custom	TRUE	TRUE	FALSE	-100	-1	0	0	0	31	289	TRUE	757577	0.0358495883796642	0.773026555431508	475	719	0.288546020611984	26770000	162
20220923 035025	binary	custom	TRUE	TRUE	FALSE	-100	-1	0	0	0	31	698	TRUE	757577	0.0100022509955357	0.383585424768281	231	51	0.290414566437673	27982000	163
20220923 035040	binary	custom	TRUE	TRUE	FALSE	-100	-1	0	0	0	31	143	TRUE	757577	0.0787736552043621	0.962718233967386	324	679	0.316793080498827	26922000	164
20220923 035137	binary	custom	TRUE	TRUE	FALSE	-100	-1	0	0	0	31	831	TRUE	757577	0.0102759019566475	0.205687093551073	218	66	0.289165978544384	27180000	165
20220923 035223	binary	custom	TRUE	TRUE	FALSE	-100	-1	0	0	0	31	872	TRUE	757577	0.0152107615853725	0.201093996908132	418	1020	0.33850482811118	27082000	166
20220923 035251	binary	custom	TRUE	TRUE	FALSE	-100	-1	0	0	0	31	267	TRUE	757577	0.0271206537339862	0.390449704819972	259	265	0.303809347101309	27254000	167
20220923 035422	binary	custom	TRUE	TRUE	FALSE	-100	-1	0	0	0	31	1207	TRUE	757577	0.0160441420968864	0.850229156489631	236	349	0.158397140410872	26524000	168
20220923 035430	binary	custom	TRUE	TRUE	FALSE	-100	-1	0	0	0	31	24	TRUE	757577	0.143947240159928	0.613885087728221	231	25	0.277074571341767	26306000	169
20220923 035442	binary	custom	TRUE	TRUE	FALSE	-100	-1	0	0	0	31	201	TRUE	757577	0.143548814348467	0.843371420893289	730	25	0.306002433271162	26086000	170
20220923 035454	binary	custom	TRUE	TRUE	FALSE	-100	-1	0	0	0	31	184	TRUE	757577	0.222330362784315	0.999174869012803	57	16	0.188764238168655	25814000	171
20220923 035506	binary	custom	TRUE	TRUE	FALSE	-100	-1	0	0	0	31	95	TRUE	757577	0.296032937210634	0.999094407931334	120	44	0.102336882322702	24050000	172
20220923 035555	binary	custom	TRUE	TRUE	FALSE	-100	-1	0	0	0	31	1005	TRUE	757577	0.0335708396056579	0.943271686069473	250	24	0.186507768012661	26806000	173
20220923 035602	binary	custom	TRUE	TRUE	FALSE	-100	-1	0	0	0	31	15	TRUE	757577	0.299970641913533	0.489395020935548	430	736	0.356296115875166	2.5e+07	174
20220923 035614	binary	custom	TRUE	TRUE	FALSE	-100	-1	0	0	0	31	114	TRUE	757577	0.0553391210891348	0.206839855092759	340	845	0.289683310499031	27162000	175
20220923 035625	binary	custom	TRUE	TRUE	FALSE	-100	-1	0	0	0	31	133	TRUE	757577	0.0709338194438869	0.203697040059116	800	50	0.337593031246557	25254000	176
20220923 035643	binary	custom	TRUE	TRUE	FALSE	-100	-1	0	0	0	31	124	TRUE	757577	0.0680927664845507	0.629703368395636	279	980	0.282927137194326	28176000	177
20220923 035656	binary	custom	TRUE	TRUE	FALSE	-100	-1	0	0	0	31	77	TRUE	757577	0.0762160365594003	0.612363813637081	273	933	0.286848779523084	27322000	178
20220923 035705	binary	custom	TRUE	TRUE	FALSE	-100	-1	0	0	0	31	90	TRUE	757577	0.100715730659253	0.950914086672384	596	19	0.358945269375034	25618000	179
20220923 035715	binary	custom	TRUE	TRUE	FALSE	-100	-1	0	0	0	31	82	TRUE	757577	0.166361120671619	0.398747865403496	800	51	0.266057710117091	25924000	180
20220923 035723	binary	custom	TRUE	TRUE	FALSE	-100	-1	0	0	0	31	55	TRUE	757577	0.147202874083125	0.204288514417892	561	1006	0.354782895120285	24950000	181
20220923 035739	binary	custom	TRUE	TRUE	FALSE	-100	-1	0	0	0	31	112	TRUE	757577	0.0633930625080949	0.399514009767977	260	924	0.282329625488451	26714000	182
20220923 035751	binary	custom	TRUE	TRUE	FALSE	-100	-1	0	0	0	31	134	TRUE	757577	0.117712367808595	0.224964874294057	267	18	0.251803488523162	26220000	183
20220923 035806	binary	custom	TRUE	TRUE	FALSE	-100	-1	0	0	0	31	101	TRUE	757577	0.0655994040131476	0.695183165036925	291	1018	0.279174819816735	26846000	184
20220923 035917	binary	custom	TRUE	TRUE	FALSE	-100	-1	0	0	0	31	821	TRUE	757577	0.0104168595187092	0.636981023193058	288	760	0.293079456563811	27400000	185
20220923 040148	binary	custom	TRUE	TRUE	FALSE	-100	-1	0	0	0	31	849	TRUE	757577	0.0105686796729948	0.99428750713756	56	108	0.18423550247892	27274000	186
20220923 040245	binary	custom	TRUE	TRUE	FALSE	-100	-1	0	0	0	31	402	TRUE	757577	0.0156144238170861	0.752126302542083	174	977	0.306055838470905	27914000	187
20220923 040558	binary	custom	TRUE	TRUE	FALSE	-100	-1	0	0	0	31	959	TRUE	757577	0.013274550353524	0.902595807494042	74	228	0.15269884363905	27606000	188
20220923 040654	binary	custom	TRUE	TRUE	FALSE	-100	-1	0	0	0	31	517	TRUE	757577	0.0120391448226262	0.995036371026641	293	383	0.289372633455474	26920000	189
20220923 040749	binary	custom	TRUE	TRUE	FALSE	-100	-1	0	0	0	31	729	TRUE	757577	0.0108604318342095	0.277167515786436	307	494	0.287342588822616	27448000	190
20220923 040801	binary	custom	TRUE	TRUE	FALSE	-100	-1	0	0	0	31	111	TRUE	757577	0.0622786308454387	0.633484222612437	407	1024	0.29912645172044	27254000	191
20220923 040850	binary	custom	TRUE	TRUE	FALSE	-100	-1	0	0	0	31	352	TRUE	757577	0.0167755724407795	0.565215827023692	267	978	0.294580779641115	27546000	192
20220923 041057	binary	custom	TRUE	TRUE	FALSE	-100	-1	0	0	0	31	1307	TRUE	757577	0.0122465406575668	0.878289913204543	173	401	0.217786670853622	27864000	193
20220923 041215	binary	custom	TRUE	TRUE	FALSE	-100	-1	0	0	0	31	674	TRUE	757577	0.0105358986999378	0.716408168987529	242	645	0.282926446835684	27746000	194
20220923 041542	binary	custom	TRUE	TRUE	FALSE	-100	-1	0	0	0	31	1576	TRUE	757577	0.0104656993445956	0.954250322528777	123	254	0.192182361645773	27532000	195
20220923 041633	binary	custom	TRUE	TRUE	FALSE	-100	-1	0	0	0	31	489	TRUE	757577	0.0289857105393114	0.926620736034192	186	288	0.263021804785259	27656000	196
20220923 041937	binary	custom	TRUE	TRUE	FALSE	-100	-1	0	0	0	31	2422	TRUE	757577	0.0109978657960581	0.971241961188697	242	986	0.149716760570671	27060000	197
20220923 042142	binary	custom	TRUE	TRUE	FALSE	-100	-1	0	0	0	31	1035	TRUE	757577	0.0118409952917508	0.993553241300364	155	356	0.17973098661078	27308000	198
20220923 042242	binary	custom	TRUE	TRUE	FALSE	-100	-1	0	0	0	31	596	TRUE	757577	0.0111985575523511	0.282729393088831	212	859	0.292383835435673	27400000	199
20220923 042535	binary	custom	TRUE	TRUE	FALSE	-100	-1	0	0	0	31	843	TRUE	757577	0.0106596197282286	0.966455527025733	87	612	0.194424627491698	27898000	200
20220923 042620	binary	custom	TRUE	TRUE	FALSE	-100	-1	0	0	0	31	316	TRUE	757577	0.0218426314158418	0.815531724972024	187	195	0.310333281977391	27826000	201
20220923 042859	binary	custom	TRUE	TRUE	FALSE	-100	-1	0	0	0	31	755	TRUE	757577	0.0103203399293468	0.913144882592261	96	297	0.257202592332696	27416000	202
20220923 043047	binary	custom	TRUE	TRUE	FALSE	-100	-1	0	0	0	31	452	TRUE	757577	0.0192179255419507	0.636742436103017	69	727	0.220495838579532	27480000	203
20220923 043436	binary	custom	TRUE	TRUE	FALSE	-100	-1	0	0	0	31	930	TRUE	757577	0.0120218732762351	0.990366131410493	66	729	0.171406161735774	27648000	204
20220923 043530	binary	custom	TRUE	TRUE	FALSE	-100	-1	0	0	0	31	622	TRUE	757577	0.013440518701271	0.802977014470187	361	992	0.282710169225183	27206000	205
20220923 043822	binary	custom	TRUE	TRUE	FALSE	-100	-1	0	0	0	31	884	TRUE	757577	0.0100502580578632	0.977010831335892	94	856	0.234276014767881	27632000	206
20220923 043951	binary	custom	TRUE	TRUE	FALSE	-100	-1	0	0	0	31	694	TRUE	757577	0.0117645858633515	0.553259500256788	174	512	0.295339058231494	27804000	207
20220923 044145	binary	custom	TRUE	TRUE	FALSE	-100	-1	0	0	0	31	572	TRUE	757577	0.0110130187832436	0.579046506082647	91	138	0.212676751331472	27610000	208
20220923 044353	binary	custom	TRUE	TRUE	FALSE	-100	-1	0	0	0	31	719	TRUE	757577	0.0104293203302607	0.866602266903522	115	703	0.28312894320556	27332000	209
20220923 044529	binary	custom	TRUE	TRUE	FALSE	-100	-1	0	0	0	31	457	TRUE	757577	0.0145616923943538	0.563800517707078	87	817	0.324144900150005	26958000	210
20220923 044642	binary	custom	TRUE	TRUE	FALSE	-100	-1	0	0	0	31	612	TRUE	757577	0.0105208876555507	0.590659268649769	279	736	0.279606739245986	27568000	211
20220923 044757	binary	custom	TRUE	TRUE	FALSE	-100	-1	0	0	0	31	1147	TRUE	757577	0.0201790661366787	0.853475297440053	332	861	0.212845625184755	26936000	212
20220923 044920	binary	custom	TRUE	TRUE	FALSE	-100	-1	0	0	0	31	509	TRUE	757577	0.0104990056475022	0.774777056686845	158	851	0.314427770769985	27826000	213
20220923 045127	binary	custom	TRUE	TRUE	FALSE	-100	-1	0	0	0	31	650	TRUE	757577	0.0128042259934692	0.816611099757031	96	449	0.210440046062518	27936000	214
20220923 045145	binary	custom	TRUE	TRUE	FALSE	-100	-1	0	0	0	31	113	TRUE	757577	0.0502895658518471	0.923969333167935	280	1024	0.299696624191664	26960000	215
20220923 045301	binary	custom	TRUE	TRUE	FALSE	-100	-1	0	0	0	31	690	TRUE	757577	0.010061175105746	0.493153551799009	250	646	0.295061650706495	28036000	216
20220923 045417	binary	custom	TRUE	TRUE	FALSE	-100	-1	0	0	0	31	449	TRUE	757577	0.0104122854364464	0.890540664298328	170	853	0.341737512782144	27154000	217
20220923 045534	binary	custom	TRUE	TRUE	FALSE	-100	-1	0	0	0	31	555	TRUE	757577	0.0102786302383511	0.502552941227129	197	414	0.294826246754678	27908000	218
20220923 045556	binary	custom	TRUE	TRUE	FALSE	-100	-1	0	0	0	31	75	TRUE	757577	0.0535651745550736	0.650107871488506	126	970	0.306866021694335	27290000	219
20220923 045829	binary	custom	TRUE	TRUE	FALSE	-100	-1	0	0	0	31	847	TRUE	757577	0.0116721325453701	0.807365340310242	99	722	0.203917232009107	27654000	220
