fecha	objective	metric	first_metric_only	boost_from_average	feature_pre_filter	verbosity	max_depth	min_gain_to_split	lambda_l1	lambda_l2	max_bin	num_iterations	force_row_wise	seed	learning_rate	feature_fraction	min_data_in_leaf	num_leaves	prob_corte	ganancia	iteracion
20220924 030358	binary	custom	TRUE	TRUE	FALSE	-100	-1	0	0	0	31	87	TRUE	102191	0.244031130656018	0.62452575196512	5558	387	0.0847032280456557	26056666.6666667	1
20220924 030600	binary	custom	TRUE	TRUE	FALSE	-100	-1	0	0	0	31	260	TRUE	102191	0.118903239563806	0.536150591587648	6382	162	0.0559434004084562	27377333.3333333	2
20220924 030649	binary	custom	TRUE	TRUE	FALSE	-100	-1	0	0	0	31	34	TRUE	102191	0.14707977983309	0.337148493053392	974	954	0.116282196040122	24946666.6666667	3
20220924 030720	binary	custom	TRUE	TRUE	FALSE	-100	-1	0	0	0	31	88	TRUE	102191	0.178075529693044	0.784471182683483	7585	628	0.0875003030106185	26509333.3333333	4
20220924 030909	binary	custom	TRUE	TRUE	FALSE	-100	-1	0	0	0	31	172	TRUE	102191	0.057738197069848	0.38298627788201	2217	221	0.12121235205602	26031333.3333333	5
20220924 031219	binary	custom	TRUE	TRUE	FALSE	-100	-1	0	0	0	31	409	TRUE	102191	0.0972970103867119	0.429563217209652	3656	580	0.0315600086469203	26023333.3333333	6
20220924 031438	binary	custom	TRUE	TRUE	FALSE	-100	-1	0	0	0	31	343	TRUE	102191	0.044356783546973	0.226412133406848	3504	868	0.135598354394878	24228000	7
20220924 031520	binary	custom	TRUE	TRUE	FALSE	-100	-1	0	0	0	31	39	TRUE	102191	0.27591596493416	0.447317100511864	2904	339	0.131719806720121	24178000	8
20220924 031611	binary	custom	TRUE	TRUE	FALSE	-100	-1	0	0	0	31	139	TRUE	102191	0.0889735305930953	0.594746486963704	4865	483	0.109906674665447	25255333.3333333	9
20220924 031852	binary	custom	TRUE	TRUE	FALSE	-100	-1	0	0	0	31	136	TRUE	102191	0.030205987595953	0.812321948762983	466	443	0.105216240046353	26644666.6666667	10
20220924 031923	binary	custom	TRUE	TRUE	FALSE	-100	-1	0	0	0	31	73	TRUE	102191	0.21306089129101	0.705400813445449	4179	880	0.0965927764818695	26093333.3333333	11
20220924 032025	binary	custom	TRUE	TRUE	FALSE	-100	-1	0	0	0	31	139	TRUE	102191	0.158145789649105	0.861106545310468	1593	181	0.0441187592564422	27082666.6666667	12
20220924 032110	binary	custom	TRUE	TRUE	FALSE	-100	-1	0	0	0	31	168	TRUE	102191	0.212881393144722	0.973278445135802	5706	523	0.155428163901918	22167333.3333333	13
20220924 032156	binary	custom	TRUE	TRUE	FALSE	-100	-1	0	0	0	31	51	TRUE	102191	0.139353679565131	0.310782153243199	1869	53	0.072555925418932	27092000	14
20220924 032257	binary	custom	TRUE	TRUE	FALSE	-100	-1	0	0	0	31	179	TRUE	102191	0.295719925888814	0.939521474437788	2422	977	0.0243271704458777	24705333.3333333	15
20220924 032357	binary	custom	TRUE	TRUE	FALSE	-100	-1	0	0	0	31	243	TRUE	102191	0.0802582472964423	0.653159312102944	7991	116	0.144521404086129	23618666.6666667	16
20220924 032432	binary	custom	TRUE	TRUE	FALSE	-100	-1	0	0	0	31	45	TRUE	102191	0.241423392464872	0.267895147399977	4723	694	0.0611638475620268	26235333.3333333	17
20220924 032901	binary	custom	TRUE	TRUE	FALSE	-100	-1	0	0	0	31	1374	TRUE	102191	0.0221598313672002	0.753010020619258	7063	808	0.0348640892923749	24944666.6666667	18
20220924 033007	binary	custom	TRUE	TRUE	FALSE	-100	-1	0	0	0	31	18	TRUE	102191	0.196588656585896	0.518092971378937	252	746	0.160761452162854	19782000	19
20220924 033031	binary	custom	TRUE	TRUE	FALSE	-100	-1	0	0	0	31	55	TRUE	102191	0.26929422836483	0.909669757867232	6647	294	0.0680847434497812	26150666.6666667	20
20220924 034007	binary	custom	TRUE	TRUE	FALSE	-100	-1	0	0	0	31	869	TRUE	102191	0.0105715497680734	0.498700172232929	1361	100	0.0562508769350783	27836666.6666667	21
20220924 034305	binary	custom	TRUE	TRUE	FALSE	-100	-1	0	0	0	31	513	TRUE	102191	0.0365539680718704	0.201265268203904	2743	16	0.0498642138745844	27980000	22
20220924 034408	binary	custom	TRUE	TRUE	FALSE	-100	-1	0	0	0	31	115	TRUE	102191	0.0891218473061793	0.210114223700006	0	19	0.0519731425106567	25104000	23
20220924 035033	binary	custom	TRUE	TRUE	FALSE	-100	-1	0	0	0	31	1263	TRUE	102191	0.0100645801312994	0.80572185137954	3031	62	0.0626046055061594	28196666.6666667	24
20220924 040100	binary	custom	TRUE	TRUE	FALSE	-100	-1	0	0	0	31	1234	TRUE	102191	0.0100220189259435	0.441097040571017	3142	157	0.0573337735309813	28348000	25
20220924 041350	binary	custom	TRUE	TRUE	FALSE	-100	-1	0	0	0	31	1511	TRUE	102191	0.0101773931726231	0.508906978453739	3431	16	0.0489430609962937	27566666.6666667	26
20220924 041942	binary	custom	TRUE	TRUE	FALSE	-100	-1	0	0	0	31	878	TRUE	102191	0.0100654996478247	0.909758296411915	1971	244	0.069519803697175	28288666.6666667	27
20220924 042846	binary	custom	TRUE	TRUE	FALSE	-100	-1	0	0	0	31	1760	TRUE	102191	0.0105410234576496	0.200323924113299	7649	129	0.0627722614556669	27256666.6666667	28
20220924 043319	binary	custom	TRUE	TRUE	FALSE	-100	-1	0	0	0	31	700	TRUE	102191	0.0279727459341057	0.263744562467271	2939	177	0.0705212093850337	27634666.6666667	29
20220924 043400	binary	custom	TRUE	TRUE	FALSE	-100	-1	0	0	0	31	96	TRUE	102191	0.154702025063379	0.997274511869554	3701	299	0.0663192884304092	28118666.6666667	30
20220924 043604	binary	custom	TRUE	TRUE	FALSE	-100	-1	0	0	0	31	365	TRUE	102191	0.034825067026405	0.940341652852672	2805	417	0.0599212363263544	28248666.6666667	31
20220924 044527	binary	custom	TRUE	TRUE	FALSE	-100	-1	0	0	0	31	1661	TRUE	102191	0.0100356224131035	0.200455654916355	3107	362	0.0575608679391356	28114000	32
20220924 044707	binary	custom	TRUE	TRUE	FALSE	-100	-1	0	0	0	31	254	TRUE	102191	0.0334744439319415	0.620843408552775	3534	224	0.059065139791288	27850666.6666667	33
20220924 044746	binary	custom	TRUE	TRUE	FALSE	-100	-1	0	0	0	31	65	TRUE	102191	0.117858999145601	0.999625731066635	2401	144	0.0613568727460375	26810000	34
20220924 044834	binary	custom	TRUE	TRUE	FALSE	-100	-1	0	0	0	31	51	TRUE	102191	0.166714498885487	0.389181001214636	5508	79	0.057769178691859	25855333.3333333	35
20220924 044918	binary	custom	TRUE	TRUE	FALSE	-100	-1	0	0	0	31	130	TRUE	102191	0.143470211855387	0.922278079602782	4392	806	0.069164810093864	27058666.6666667	36
20220924 045000	binary	custom	TRUE	TRUE	FALSE	-100	-1	0	0	0	31	94	TRUE	102191	0.153912164000458	0.998415405425854	2891	61	0.0807227514511531	27216000	37
20220924 045511	binary	custom	TRUE	TRUE	FALSE	-100	-1	0	0	0	31	956	TRUE	102191	0.011346857160885	0.986409875496066	2806	587	0.0636026540114931	28136000	38
20220924 045552	binary	custom	TRUE	TRUE	FALSE	-100	-1	0	0	0	31	86	TRUE	102191	0.19116583414123	0.999878375803192	2383	423	0.0662938359143828	26149333.3333333	39
20220924 045715	binary	custom	TRUE	TRUE	FALSE	-100	-1	0	0	0	31	167	TRUE	102191	0.047183361437277	0.999601211263209	2235	337	0.0622701437177116	27831333.3333333	40
20220924 050059	binary	custom	TRUE	TRUE	FALSE	-100	-1	0	0	0	31	741	TRUE	102191	0.0169689133106394	0.998525041603112	3363	227	0.068585199907494	27938000	41
20220924 051145	binary	custom	TRUE	TRUE	FALSE	-100	-1	0	0	0	31	1292	TRUE	102191	0.0100861023458517	0.429724821030896	2935	327	0.0676808846746609	28010666.6666667	42
20220924 051247	binary	custom	TRUE	TRUE	FALSE	-100	-1	0	0	0	31	261	TRUE	102191	0.147308940435236	0.995904054417469	7886	232	0.0624986921745231	27542666.6666667	43
20220924 051809	binary	custom	TRUE	TRUE	FALSE	-100	-1	0	0	0	31	863	TRUE	102191	0.0100073792866624	0.960905797336493	2397	270	0.0596381114011587	28294000	44
20220924 052229	binary	custom	TRUE	TRUE	FALSE	-100	-1	0	0	0	31	37	TRUE	102191	0.0331486607151718	0.999606480817537	16	714	0.0621370407178253	20511333.3333333	45
20220924 052844	binary	custom	TRUE	TRUE	FALSE	-100	-1	0	0	0	31	1325	TRUE	102191	0.012116303629098	0.774637683035726	3043	291	0.0522852910879517	28168000	46
20220924 053832	binary	custom	TRUE	TRUE	FALSE	-100	-1	0	0	0	31	1292	TRUE	102191	0.0102403621937021	0.313690610206554	1920	243	0.0547993653525618	27915333.3333333	47
20220924 054348	binary	custom	TRUE	TRUE	FALSE	-100	-1	0	0	0	31	957	TRUE	102191	0.0103508172475006	0.739795265848826	1546	23	0.0939562431769741	27735333.3333333	48
20220924 054415	binary	custom	TRUE	TRUE	FALSE	-100	-1	0	0	0	31	45	TRUE	102191	0.254704902432094	0.997343373323363	3907	83	0.0769046881127608	26909333.3333333	49
20220924 055036	binary	custom	TRUE	TRUE	FALSE	-100	-1	0	0	0	31	1142	TRUE	102191	0.0106939161949011	0.797926824977308	2185	373	0.0824066537003184	27791333.3333333	50
20220924 055528	binary	custom	TRUE	TRUE	FALSE	-100	-1	0	0	0	31	875	TRUE	102191	0.0105900984679652	0.950152520421344	3236	474	0.0636907959721987	28164666.6666667	51
20220924 060046	binary	custom	TRUE	TRUE	FALSE	-100	-1	0	0	0	31	603	TRUE	102191	0.0102085520792109	0.909612788780173	1322	270	0.0906823492431404	28023333.3333333	52
20220924 060231	binary	custom	TRUE	TRUE	FALSE	-100	-1	0	0	0	31	248	TRUE	102191	0.0275979444070143	0.996295687130008	4051	379	0.0643856267701628	27542666.6666667	53
20220924 060355	binary	custom	TRUE	TRUE	FALSE	-100	-1	0	0	0	31	352	TRUE	102191	0.0674933636341704	0.901867525518854	7141	16	0.0698633451162245	26878000	54
20220924 061033	binary	custom	TRUE	TRUE	FALSE	-100	-1	0	0	0	31	1022	TRUE	102191	0.0101607055929084	0.796852748738015	1697	232	0.0598924152355041	28117333.3333333	55
20220924 061137	binary	custom	TRUE	TRUE	FALSE	-100	-1	0	0	0	31	145	TRUE	102191	0.16523473699652	0.267409638467129	7699	23	0.056412053519505	26698000	56
20220924 061636	binary	custom	TRUE	TRUE	FALSE	-100	-1	0	0	0	31	548	TRUE	102191	0.0100107204107218	0.998535607563071	1508	324	0.106074616519073	27053333.3333333	57
20220924 062227	binary	custom	TRUE	TRUE	FALSE	-100	-1	0	0	0	31	1371	TRUE	102191	0.0103084929057683	0.905390102113596	1847	16	0.0429852369260368	27330666.6666667	58
20220924 063019	binary	custom	TRUE	TRUE	FALSE	-100	-1	0	0	0	31	1131	TRUE	102191	0.0100362018123297	0.24849551863538	2980	88	0.0521884886494008	28234000	59
20220924 063118	binary	custom	TRUE	TRUE	FALSE	-100	-1	0	0	0	31	43	TRUE	102191	0.0935536384165764	0.346234661202423	1047	90	0.088570796851141	27037333.3333333	60
20220924 063200	binary	custom	TRUE	TRUE	FALSE	-100	-1	0	0	0	31	59	TRUE	102191	0.177499154450361	0.242839629341289	3247	254	0.0551496860778358	27100000	61
20220924 063316	binary	custom	TRUE	TRUE	FALSE	-100	-1	0	0	0	31	113	TRUE	102191	0.0907327035180834	0.455476933172301	7999	972	0.0658073762212147	26852000	62
20220924 064210	binary	custom	TRUE	TRUE	FALSE	-100	-1	0	0	0	31	1227	TRUE	102191	0.0100922710597656	0.289426108208669	2736	502	0.0583627654061799	28560000	63
20220924 065139	binary	custom	TRUE	TRUE	FALSE	-100	-1	0	0	0	31	1030	TRUE	102191	0.010028472235043	0.44379289987305	2723	923	0.0551316743828061	28208666.6666667	64
20220924 065835	binary	custom	TRUE	TRUE	FALSE	-100	-1	0	0	0	31	1203	TRUE	102191	0.0118317654819944	0.202277199772669	6358	721	0.0667226822745366	27105333.3333333	65
20220924 070553	binary	custom	TRUE	TRUE	FALSE	-100	-1	0	0	0	31	941	TRUE	102191	0.0106379289298662	0.290533581069495	2907	751	0.0582302799558998	28170666.6666667	66
20220924 071426	binary	custom	TRUE	TRUE	FALSE	-100	-1	0	0	0	31	913	TRUE	102191	0.0103198718959845	0.417537313833643	2688	315	0.0561648847373444	28356000	67
20220924 072103	binary	custom	TRUE	TRUE	FALSE	-100	-1	0	0	0	31	1320	TRUE	102191	0.0100183736698962	0.594396900930455	3184	905	0.064321559221818	28639333.3333333	68
20220924 072610	binary	custom	TRUE	TRUE	FALSE	-100	-1	0	0	0	31	842	TRUE	102191	0.0140953117126219	0.574528089470952	3182	1023	0.0653218993809295	27743333.3333333	69
20220924 073241	binary	custom	TRUE	TRUE	FALSE	-100	-1	0	0	0	31	1369	TRUE	102191	0.0110213091143446	0.747199354742613	3191	864	0.0598489843812771	28166000	70
20220924 074029	binary	custom	TRUE	TRUE	FALSE	-100	-1	0	0	0	31	881	TRUE	102191	0.0108000310583089	0.374196137811313	2987	895	0.069911614171258	28169333.3333333	71
20220924 074902	binary	custom	TRUE	TRUE	FALSE	-100	-1	0	0	0	31	1070	TRUE	102191	0.0184554481413934	0.513802905196941	3572	867	0.0652990435487458	27652666.6666667	72
20220924 075051	binary	custom	TRUE	TRUE	FALSE	-100	-1	0	0	0	31	202	TRUE	102191	0.0922679352807161	0.411711368345535	7302	430	0.0633750637458538	27196666.6666667	73
20220924 075828	binary	custom	TRUE	TRUE	FALSE	-100	-1	0	0	0	31	844	TRUE	102191	0.0150371118351483	0.498044439394276	2955	551	0.0591780112480163	28382000	74
20220924 075924	binary	custom	TRUE	TRUE	FALSE	-100	-1	0	0	0	31	152	TRUE	102191	0.100780778512016	0.6156018915514	3119	917	0.0630333282623676	27721333.3333333	75
20220924 080125	binary	custom	TRUE	TRUE	FALSE	-100	-1	0	0	0	31	472	TRUE	102191	0.0345220245800673	0.949109498693978	7395	195	0.0440891312068592	26210000	76
20220924 080415	binary	custom	TRUE	TRUE	FALSE	-100	-1	0	0	0	31	375	TRUE	102191	0.0268174606906987	0.273120326683825	6472	258	0.0749236899185064	27013333.3333333	77
20220924 082208	binary	custom	TRUE	TRUE	FALSE	-100	-1	0	0	0	31	3319	TRUE	102191	0.010214513779713	0.245004148979069	2679	160	0.0315348481977147	26882000	78
20220924 082835	binary	custom	TRUE	TRUE	FALSE	-100	-1	0	0	0	31	511	TRUE	102191	0.0101650442046231	0.549920949731469	1675	148	0.0796860980191127	27726000	79
20220924 083127	binary	custom	TRUE	TRUE	FALSE	-100	-1	0	0	0	31	557	TRUE	102191	0.0162535087366248	0.760185979403502	5334	933	0.0693270089292861	27492666.6666667	80
20220924 083233	binary	custom	TRUE	TRUE	FALSE	-100	-1	0	0	0	31	227	TRUE	102191	0.0713260445875601	0.997616489547727	5961	516	0.0646278107119766	27680000	81
20220924 083311	binary	custom	TRUE	TRUE	FALSE	-100	-1	0	0	0	31	79	TRUE	102191	0.150875630338707	0.927417669327492	6077	905	0.0722458643584755	26787333.3333333	82
20220924 083500	binary	custom	TRUE	TRUE	FALSE	-100	-1	0	0	0	31	335	TRUE	102191	0.0251080447557406	0.889818844792532	5298	657	0.0705394662906912	27442666.6666667	83
20220924 083535	binary	custom	TRUE	TRUE	FALSE	-100	-1	0	0	0	31	73	TRUE	102191	0.14603544958435	0.994303810285368	4598	306	0.0664736270402685	27258666.6666667	84
20220924 084356	binary	custom	TRUE	TRUE	FALSE	-100	-1	0	0	0	31	1282	TRUE	102191	0.0102086754338416	0.566487846197597	2640	468	0.0573869750390334	28236000	85
20220924 085247	binary	custom	TRUE	TRUE	FALSE	-100	-1	0	0	0	31	1460	TRUE	102191	0.0110119224559202	0.221427539526458	2756	602	0.0627166518385224	28496000	86
20220924 085500	binary	custom	TRUE	TRUE	FALSE	-100	-1	0	0	0	31	586	TRUE	102191	0.028305477442746	0.683260551758827	8000	555	0.0678483034510956	27024666.6666667	87
20220924 090041	binary	custom	TRUE	TRUE	FALSE	-100	-1	0	0	0	31	1001	TRUE	102191	0.0100654386020918	0.881071487311237	2802	250	0.0619933241882983	28125333.3333333	88
20220924 090156	binary	custom	TRUE	TRUE	FALSE	-100	-1	0	0	0	31	221	TRUE	102191	0.0709769153315401	0.980367700098327	3649	309	0.0856611564066505	27061333.3333333	89
20220924 090610	binary	custom	TRUE	TRUE	FALSE	-100	-1	0	0	0	31	416	TRUE	102191	0.0130156870897691	0.99886718963571	1227	65	0.080887321367025	27716666.6666667	90
20220924 090719	binary	custom	TRUE	TRUE	FALSE	-100	-1	0	0	0	31	200	TRUE	102191	0.121271173420429	0.987922722840942	3733	39	0.0582532263662876	27824000	91
20220924 091847	binary	custom	TRUE	TRUE	FALSE	-100	-1	0	0	0	31	1715	TRUE	102191	0.0146416479850889	0.417693788774918	5804	444	0.0555925037346367	27328666.6666667	92
20220924 091931	binary	custom	TRUE	TRUE	FALSE	-100	-1	0	0	0	31	56	TRUE	102191	0.155631765714122	0.225154225304128	8000	301	0.0740730025072513	26494666.6666667	93
20220924 092004	binary	custom	TRUE	TRUE	FALSE	-100	-1	0	0	0	31	57	TRUE	102191	0.205420185745926	0.999608367705679	3883	325	0.0483070008583943	26682666.6666667	94
20220924 092326	binary	custom	TRUE	TRUE	FALSE	-100	-1	0	0	0	31	409	TRUE	102191	0.0339219208557106	0.393679032046468	3114	16	0.0591177159659232	28460666.6666667	95
20220924 093137	binary	custom	TRUE	TRUE	FALSE	-100	-1	0	0	0	31	1118	TRUE	102191	0.0102644853724849	0.55846810657496	2828	889	0.0641122475482835	28590666.6666667	96
20220924 094229	binary	custom	TRUE	TRUE	FALSE	-100	-1	0	0	0	31	1990	TRUE	102191	0.0104316646931339	0.201938998296618	2770	553	0.0511760355242658	28461333.3333333	97
20220924 094911	binary	custom	TRUE	TRUE	FALSE	-100	-1	0	0	0	31	457	TRUE	102191	0.0101772176867916	0.860896122855494	635	173	0.101511244319119	27020666.6666667	98
20220924 100536	binary	custom	TRUE	TRUE	FALSE	-100	-1	0	0	0	31	2738	TRUE	102191	0.0103493877142914	0.293896913860509	2783	901	0.0386663065626308	27398666.6666667	99
20220924 101342	binary	custom	TRUE	TRUE	FALSE	-100	-1	0	0	0	31	1178	TRUE	102191	0.0103820085101162	0.999034401838246	1381	270	0.0447451359915136	27623333.3333333	100
20220924 101821	binary	custom	TRUE	TRUE	FALSE	-100	-1	0	0	0	31	1077	TRUE	102191	0.0108877097003466	0.935879864712008	6131	303	0.0628039078644417	27158666.6666667	101
20220924 102322	binary	custom	TRUE	TRUE	FALSE	-100	-1	0	0	0	31	1225	TRUE	102191	0.0105532290722715	0.602449252848112	7126	1001	0.0908302751235965	26450000	102
20220924 103047	binary	custom	TRUE	TRUE	FALSE	-100	-1	0	0	0	31	1004	TRUE	102191	0.01013857215101	0.255174111023722	2443	539	0.0591893873283224	28388666.6666667	103
20220924 103907	binary	custom	TRUE	TRUE	FALSE	-100	-1	0	0	0	31	1180	TRUE	102191	0.010145742645183	0.289718441470604	4564	927	0.0631714291972479	27461333.3333333	104
20220924 104005	binary	custom	TRUE	TRUE	FALSE	-100	-1	0	0	0	31	84	TRUE	102191	0.103983929538357	0.301966994328492	5842	569	0.0701275818202798	26531333.3333333	105
20220924 104409	binary	custom	TRUE	TRUE	FALSE	-100	-1	0	0	0	31	909	TRUE	102191	0.0150007644606318	0.983250335140818	5136	893	0.0516609051002884	27056000	106
20220924 105103	binary	custom	TRUE	TRUE	FALSE	-100	-1	0	0	0	31	802	TRUE	102191	0.0102931924265131	0.256569237725763	1387	309	0.0716632636510243	28180000	107
20220924 105638	binary	custom	TRUE	TRUE	FALSE	-100	-1	0	0	0	31	631	TRUE	102191	0.0109366999566344	0.224150115843539	1344	484	0.0950207944706375	27450666.6666667	108
20220924 105736	binary	custom	TRUE	TRUE	FALSE	-100	-1	0	0	0	31	57	TRUE	102191	0.107319751342639	0.549924032759182	3332	17	0.0673604441501827	27286000	109
20220924 110543	binary	custom	TRUE	TRUE	FALSE	-100	-1	0	0	0	31	925	TRUE	102191	0.0107720321040637	0.418866950725188	2433	16	0.0910900266645506	27190666.6666667	110
20220924 110801	binary	custom	TRUE	TRUE	FALSE	-100	-1	0	0	0	31	272	TRUE	102191	0.0290037971101696	0.761141814287273	1431	279	0.0738792826775361	28002666.6666667	111
20220924 111754	binary	custom	TRUE	TRUE	FALSE	-100	-1	0	0	0	31	1215	TRUE	102191	0.010478114318879	0.387821557509819	2594	21	0.0592195081630497	28518000	112
20220924 112917	binary	custom	TRUE	TRUE	FALSE	-100	-1	0	0	0	31	1311	TRUE	102191	0.0101092857246681	0.48250897435243	2829	21	0.0574752402254929	28710000	113
20220924 113425	binary	custom	TRUE	TRUE	FALSE	-100	-1	0	0	0	31	1240	TRUE	102191	0.0101534992741238	0.997568761553445	6597	557	0.0608873820483879	27112666.6666667	114
20220924 113911	binary	custom	TRUE	TRUE	FALSE	-100	-1	0	0	0	31	963	TRUE	102191	0.0100638262716198	0.672060641660274	2127	16	0.0592755158493594	28473333.3333333	115
20220924 114538	binary	custom	TRUE	TRUE	FALSE	-100	-1	0	0	0	31	1455	TRUE	102191	0.0100097814130933	0.749650284566419	1596	16	0.0676439259560063	28596000	116
20220924 114735	binary	custom	TRUE	TRUE	FALSE	-100	-1	0	0	0	31	281	TRUE	102191	0.119314306848687	0.201046647937043	1334	363	0.0205050695257103	26595333.3333333	117
20220924 115800	binary	custom	TRUE	TRUE	FALSE	-100	-1	0	0	0	31	1331	TRUE	102191	0.0105085420960737	0.430376358286583	1745	16	0.0660609801799373	27968666.6666667	118
20220924 120346	binary	custom	TRUE	TRUE	FALSE	-100	-1	0	0	0	31	1260	TRUE	102191	0.0105931524244406	0.760622082818342	2140	17	0.0720650308762883	28179333.3333333	119
20220924 120900	binary	custom	TRUE	TRUE	FALSE	-100	-1	0	0	0	31	1230	TRUE	102191	0.0155945597852278	0.759365621270431	1508	16	0.0597279322131407	28214000	120
