fecha	objective	metric	first_metric_only	boost_from_average	feature_pre_filter	verbosity	max_depth	min_gain_to_split	lambda_l1	lambda_l2	max_bin	num_iterations	force_row_wise	seed	learning_rate	feature_fraction	min_data_in_leaf	num_leaves	prob_corte	ganancia	iteracion
20220922 194057	binary	custom	TRUE	TRUE	FALSE	-100	-1	0	0	0	31	146	TRUE	757577	0.2055852854033	0.827108854372054	1334	132	0.233725246931664	25374000	1
20220922 194111	binary	custom	TRUE	TRUE	FALSE	-100	-1	0	0	0	31	79	TRUE	757577	0.178594730149955	0.550129106873646	1169	398	0.432790343406933	18360000	2
20220922 194123	binary	custom	TRUE	TRUE	FALSE	-100	-1	0	0	0	31	76	TRUE	757577	0.148457186674117	0.923642244404182	720	332	0.205489392926789	25638000	3
20220922 194134	binary	custom	TRUE	TRUE	FALSE	-100	-1	0	0	0	31	61	TRUE	757577	0.167195806012838	0.300381048889831	510	490	0.249810390149915	24402000	4
20220922 194159	binary	custom	TRUE	TRUE	FALSE	-100	-1	0	0	0	31	161	TRUE	757577	0.0539617026711348	0.605250071231276	568	539	0.166422333742296	26504000	5
20220922 194209	binary	custom	TRUE	TRUE	FALSE	-100	-1	0	0	0	31	39	TRUE	757577	0.229347817603266	0.841414568051696	821	599	0.293270787321407	23822000	6
20220922 194223	binary	custom	TRUE	TRUE	FALSE	-100	-1	0	0	0	31	44	TRUE	757577	0.248864639235311	0.662695497786626	262	928	0.395556417217118	18960000	7
20220922 194244	binary	custom	TRUE	TRUE	FALSE	-100	-1	0	0	0	31	185	TRUE	757577	0.131813859649817	0.579065846102312	1041	24	0.119852683237696	25204000	8
20220922 194259	binary	custom	TRUE	TRUE	FALSE	-100	-1	0	0	0	31	100	TRUE	757577	0.109701138952398	0.374271511994302	960	268	0.300678305412558	24076000	9
20220922 194309	binary	custom	TRUE	TRUE	FALSE	-100	-1	0	0	0	31	12	TRUE	757577	0.257601200490259	0.494968747133389	352	994	0.146085716342151	24818000	10
20220922 194339	binary	custom	TRUE	TRUE	FALSE	-100	-1	0	0	0	31	379	TRUE	757577	0.0495929444161011	0.245980884823948	1369	748	0.337322020541416	22084000	11
20220922 194412	binary	custom	TRUE	TRUE	FALSE	-100	-1	0	0	0	31	31	TRUE	757577	0.277517345841741	0.895749178361148	48	702	0.0902739255781688	24620000	12
20220922 194430	binary	custom	TRUE	TRUE	FALSE	-100	-1	0	0	0	31	129	TRUE	757577	0.191444134054706	0.791498073032126	1555	184	0.375950153580396	20940000	13
20220922 194542	binary	custom	TRUE	TRUE	FALSE	-100	-1	0	0	0	31	135	TRUE	757577	0.030883958931081	0.759112924737856	112	314	0.266806306356474	24172000	14
20220922 194551	binary	custom	TRUE	TRUE	FALSE	-100	-1	0	0	0	31	2	TRUE	757577	0.0878177602320211	0.466494289841503	1471	466	0.0586559632197763	14084000	15
20220922 194632	binary	custom	TRUE	TRUE	FALSE	-100	-1	0	0	0	31	363	TRUE	757577	0.0758570942620281	0.410502965021878	476	909	0.116416085893103	26096000	16
20220922 194643	binary	custom	TRUE	TRUE	FALSE	-100	-1	0	0	0	31	40	TRUE	757577	0.214432898020837	0.339214801695198	1239	807	0.322203594893587	21788000	17
20220922 194655	binary	custom	TRUE	TRUE	FALSE	-100	-1	0	0	0	31	71	TRUE	757577	0.118346950461157	0.989536955850199	706	842	0.367862762706698	21160000	18
20220922 194755	binary	custom	TRUE	TRUE	FALSE	-100	-1	0	0	0	31	414	TRUE	757577	0.0235337666387204	0.226156003214419	199	670	0.451450661431326	17288000	19
20220922 194805	binary	custom	TRUE	TRUE	FALSE	-100	-1	0	0	0	31	80	TRUE	757577	0.297206560839433	0.697930820994079	891	77	0.191545112049921	25270000	20
20220922 194827	binary	custom	TRUE	TRUE	FALSE	-100	-1	0	0	0	31	156	TRUE	757577	0.0723290176148945	0.656111226397357	476	68	0.132670794400477	26068000	21
20220922 195003	binary	custom	TRUE	TRUE	FALSE	-100	-1	0	0	0	31	590	TRUE	757577	0.0103453323327676	0.559591084407443	901	67	0.169446792359324	26636000	22
20220922 195119	binary	custom	TRUE	TRUE	FALSE	-100	-1	0	0	0	31	736	TRUE	757577	0.0122603293406431	0.834561570280479	720	630	0.141659917307985	26046000	23
20220922 195144	binary	custom	TRUE	TRUE	FALSE	-100	-1	0	0	0	31	216	TRUE	757577	0.0804091216888438	0.254441950207009	731	259	0.15266684421127	25952000	24
20220922 195328	binary	custom	TRUE	TRUE	FALSE	-100	-1	0	0	0	31	1648	TRUE	757577	0.0108269127046442	0.670091095404316	1001	17	0.228070654484171	24924000	25
20220922 195339	binary	custom	TRUE	TRUE	FALSE	-100	-1	0	0	0	31	52	TRUE	757577	0.106092762137782	0.931008829300705	960	71	0.165397467961438	26006000	26
20220922 195754	binary	custom	TRUE	TRUE	FALSE	-100	-1	0	0	0	31	927	TRUE	757577	0.0104326584336949	0.490803385730456	120	702	0.122832523144614	26668000	27
20220922 200131	binary	custom	TRUE	TRUE	FALSE	-100	-1	0	0	0	31	1226	TRUE	757577	0.010139884262661	0.809489263981502	241	817	0.122167018128861	26710000	28
20220922 200446	binary	custom	TRUE	TRUE	FALSE	-100	-1	0	0	0	31	1289	TRUE	757577	0.0130605700314497	0.594705227542022	324	599	0.124125769979462	26494000	29
20220922 201013	binary	custom	TRUE	TRUE	FALSE	-100	-1	0	0	0	31	421	TRUE	757577	0.0100944437727805	0.785257398501163	60	733	0.172570491172287	26072000	30
20220922 201149	binary	custom	TRUE	TRUE	FALSE	-100	-1	0	0	0	31	612	TRUE	757577	0.0108788057153178	0.545327785138438	828	827	0.18097471238756	26278000	31
20220922 201537	binary	custom	TRUE	TRUE	FALSE	-100	-1	0	0	0	31	882	TRUE	757577	0.0105454173850139	0.475697738860736	148	1023	0.125349175409369	26546000	32
20220922 201655	binary	custom	TRUE	TRUE	FALSE	-100	-1	0	0	0	31	660	TRUE	757577	0.0102696469262934	0.617154119273636	763	298	0.175697733286892	26224000	33
20220922 201838	binary	custom	TRUE	TRUE	FALSE	-100	-1	0	0	0	31	26	TRUE	757577	0.0477742495633895	0.706719275605993	1	837	0.123308161858457	17152000	34
20220922 202033	binary	custom	TRUE	TRUE	FALSE	-100	-1	0	0	0	31	241	TRUE	757577	0.0101985136770213	0.554584740247601	200	562	0.167734432107088	26822000	35
20220922 202052	binary	custom	TRUE	TRUE	FALSE	-100	-1	0	0	0	31	38	TRUE	757577	0.0974930752480854	0.812932615920487	230	231	0.165486362308158	26002000	36
20220922 202203	binary	custom	TRUE	TRUE	FALSE	-100	-1	0	0	0	31	387	TRUE	757577	0.0300940760326691	0.587371067853866	305	72	0.164008752457676	26416000	37
20220922 202658	binary	custom	TRUE	TRUE	FALSE	-100	-1	0	0	0	31	196	TRUE	757577	0.0112539037833154	0.430391962764435	0	843	0.168993753899762	15782000	38
20220922 202916	binary	custom	TRUE	TRUE	FALSE	-100	-1	0	0	0	31	285	TRUE	757577	0.0210306479727166	0.999270859979948	102	678	0.156157028235092	26748000	39
20220922 203124	binary	custom	TRUE	TRUE	FALSE	-100	-1	0	0	0	31	597	TRUE	757577	0.0265003211265843	0.710770853019098	185	690	0.0825372754459149	26520000	40
20220922 203240	binary	custom	TRUE	TRUE	FALSE	-100	-1	0	0	0	31	947	TRUE	757577	0.0204649642961971	0.811881398259813	844	228	0.106131538462365	25398000	41
20220922 203623	binary	custom	TRUE	TRUE	FALSE	-100	-1	0	0	0	31	1706	TRUE	757577	0.0102016442193092	0.301337075528766	261	458	0.114147960940174	26692000	42
20220922 203916	binary	custom	TRUE	TRUE	FALSE	-100	-1	0	0	0	31	1855	TRUE	757577	0.0176814263019468	0.780716516915977	534	527	0.0740689888393015	25478000	43
20220922 204000	binary	custom	TRUE	TRUE	FALSE	-100	-1	0	0	0	31	363	TRUE	757577	0.0446089601175963	0.597538426496862	633	179	0.146653218857551	25942000	44
20220922 204025	binary	custom	TRUE	TRUE	FALSE	-100	-1	0	0	0	31	126	TRUE	757577	0.0537179076993673	0.56589518719227	918	787	0.149616154767834	26388000	45
20220922 204215	binary	custom	TRUE	TRUE	FALSE	-100	-1	0	0	0	31	669	TRUE	757577	0.010824877276766	0.429363763639882	406	334	0.137096887978672	26292000	46
20220922 204244	binary	custom	TRUE	TRUE	FALSE	-100	-1	0	0	0	31	28	TRUE	757577	0.159813378525576	0.80720991171355	83	461	0.157049810869542	23846000	47
20220922 204301	binary	custom	TRUE	TRUE	FALSE	-100	-1	0	0	0	31	97	TRUE	757577	0.265588008785186	0.565017871408445	594	732	0.124846641127911	24986000	48
20220922 204357	binary	custom	TRUE	TRUE	FALSE	-100	-1	0	0	0	31	793	TRUE	757577	0.0649616982313703	0.200451577773529	941	169	0.111935584244985	26126000	49
20220922 204810	binary	custom	TRUE	TRUE	FALSE	-100	-1	0	0	0	31	658	TRUE	757577	0.0100005595309606	0.895902229175839	127	842	0.168644622184741	26526000	50
20220922 205135	binary	custom	TRUE	TRUE	FALSE	-100	-1	0	0	0	31	1225	TRUE	757577	0.0103918714061741	0.401094931749362	218	611	0.12497739453097	26336000	51
20220922 205419	binary	custom	TRUE	TRUE	FALSE	-100	-1	0	0	0	31	855	TRUE	757577	0.0108526373995658	0.844293061117486	268	432	0.147270965109045	26490000	52
20220922 205515	binary	custom	TRUE	TRUE	FALSE	-100	-1	0	0	0	31	8	TRUE	757577	0.0143950340321421	0.559603929658968	295	148	0.0598082574982472	21124000	53
20220922 205536	binary	custom	TRUE	TRUE	FALSE	-100	-1	0	0	0	31	67	TRUE	757577	0.0904913136057113	0.559912014571173	379	84	0.216304222697738	25706000	54
20220922 205633	binary	custom	TRUE	TRUE	FALSE	-100	-1	0	0	0	31	138	TRUE	757577	0.0358666272916082	0.718930052731768	155	731	0.180452789668426	26198000	55
20220922 205735	binary	custom	TRUE	TRUE	FALSE	-100	-1	0	0	0	31	391	TRUE	757577	0.0222959144346939	0.32449555408107	295	441	0.177686169008515	27260000	56
20220922 205841	binary	custom	TRUE	TRUE	FALSE	-100	-1	0	0	0	31	446	TRUE	757577	0.0128150597881817	0.41208931243352	883	511	0.166556702538736	26214000	57
20220922 205923	binary	custom	TRUE	TRUE	FALSE	-100	-1	0	0	0	31	271	TRUE	757577	0.027538765953916	0.308488626193736	453	563	0.150499530314687	26306000	58
20220922 210138	binary	custom	TRUE	TRUE	FALSE	-100	-1	0	0	0	31	605	TRUE	757577	0.0236566040531951	0.89758568722331	189	1001	0.088669663135288	26296000	59
20220922 210316	binary	custom	TRUE	TRUE	FALSE	-100	-1	0	0	0	31	821	TRUE	757577	0.0137392788847511	0.209100579229259	255	343	0.182161368691825	26694000	60
20220922 210331	binary	custom	TRUE	TRUE	FALSE	-100	-1	0	0	0	31	64	TRUE	757577	0.15239784142602	0.336747110323239	332	451	0.160728302526379	25600000	61
20220922 211043	binary	custom	TRUE	TRUE	FALSE	-100	-1	0	0	0	31	1005	TRUE	757577	0.0101343005090668	0.974402425453278	88	785	0.0792327742562299	26598000	62
20220922 211228	binary	custom	TRUE	TRUE	FALSE	-100	-1	0	0	0	31	351	TRUE	757577	0.0114830057327007	0.540021255119084	314	966	0.17385885396853	26632000	63
20220922 211341	binary	custom	TRUE	TRUE	FALSE	-100	-1	0	0	0	31	401	TRUE	757577	0.0104488632623645	0.833321428165446	507	302	0.170689561936857	26242000	64
20220922 211351	binary	custom	TRUE	TRUE	FALSE	-100	-1	0	0	0	31	28	TRUE	757577	0.198418955867562	0.653484207362755	785	890	0.148796552794679	25648000	65
20220922 211825	binary	custom	TRUE	TRUE	FALSE	-100	-1	0	0	0	31	1108	TRUE	757577	0.0101401067460952	0.78723217474201	163	422	0.116200421737056	26716000	66
20220922 212000	binary	custom	TRUE	TRUE	FALSE	-100	-1	0	0	0	31	570	TRUE	757577	0.010550191873833	0.271482089287071	289	863	0.123743498292271	26592000	67
20220922 212124	binary	custom	TRUE	TRUE	FALSE	-100	-1	0	0	0	31	442	TRUE	757577	0.0118651962201895	0.832390565846721	408	815	0.159204480867869	26538000	68
20220922 212321	binary	custom	TRUE	TRUE	FALSE	-100	-1	0	0	0	31	1678	TRUE	757577	0.0102238700579041	0.701920033825774	192	21	0.184998463771096	26638000	69
20220922 212417	binary	custom	TRUE	TRUE	FALSE	-100	-1	0	0	0	31	210	TRUE	757577	0.0163103489924535	0.407279318402903	358	589	0.176278675065305	26338000	70
20220922 212529	binary	custom	TRUE	TRUE	FALSE	-100	-1	0	0	0	31	494	TRUE	757577	0.0108255347846363	0.298261980897299	667	963	0.185878177102668	26380000	71
20220922 212607	binary	custom	TRUE	TRUE	FALSE	-100	-1	0	0	0	31	204	TRUE	757577	0.0216314978513045	0.731325380888953	548	945	0.168717413284004	26252000	72
20220922 212728	binary	custom	TRUE	TRUE	FALSE	-100	-1	0	0	0	31	709	TRUE	757577	0.0105419668108272	0.363279767818268	284	16	0.22914909062266	25506000	73
20220922 213010	binary	custom	TRUE	TRUE	FALSE	-100	-1	0	0	0	31	958	TRUE	757577	0.0103087905791	0.411538623426555	277	581	0.170598543918695	26716000	74
20220922 213128	binary	custom	TRUE	TRUE	FALSE	-100	-1	0	0	0	31	468	TRUE	757577	0.0105163228330253	0.237395790593223	309	427	0.177386891727416	26512000	75
20220922 213219	binary	custom	TRUE	TRUE	FALSE	-100	-1	0	0	0	31	235	TRUE	757577	0.0322150489365227	0.777776697034977	296	572	0.187888524426097	26590000	76
20220922 213408	binary	custom	TRUE	TRUE	FALSE	-100	-1	0	0	0	31	997	TRUE	757577	0.0104129577849291	0.27369961085311	596	867	0.123558901847966	26106000	77
20220922 213522	binary	custom	TRUE	TRUE	FALSE	-100	-1	0	0	0	31	456	TRUE	757577	0.0102558931018892	0.914007641343019	615	776	0.188690371730658	25754000	78
20220922 213535	binary	custom	TRUE	TRUE	FALSE	-100	-1	0	0	0	31	114	TRUE	757577	0.196080018620129	0.242860995207152	990	976	0.164911171635441	24614000	79
20220922 213629	binary	custom	TRUE	TRUE	FALSE	-100	-1	0	0	0	31	524	TRUE	757577	0.0323378323066115	0.326911142809598	744	1012	0.199503091469568	26460000	80
20220922 213646	binary	custom	TRUE	TRUE	FALSE	-100	-1	0	0	0	31	84	TRUE	757577	0.0929861296752223	0.329302916482344	922	186	0.199927060687512	26100000	81
20220922 213708	binary	custom	TRUE	TRUE	FALSE	-100	-1	0	0	0	31	6	TRUE	757577	0.0168684198586272	0.771919907530702	975	552	0.0588627918440035	18754000	82
20220922 213723	binary	custom	TRUE	TRUE	FALSE	-100	-1	0	0	0	31	106	TRUE	757577	0.0729541000941127	0.200383829929607	890	978	0.172212088719044	25872000	83
20220922 213900	binary	custom	TRUE	TRUE	FALSE	-100	-1	0	0	0	31	495	TRUE	757577	0.021332318630783	0.544218071405667	285	444	0.17543762775686	26424000	84
20220922 214226	binary	custom	TRUE	TRUE	FALSE	-100	-1	0	0	0	31	2079	TRUE	757577	0.0101994996516313	0.30073918612892	406	1024	0.108555523384165	26984000	85
20220922 214246	binary	custom	TRUE	TRUE	FALSE	-100	-1	0	0	0	31	71	TRUE	757577	0.140739839703291	0.411051273991013	920	25	0.144279065229789	25470000	86
20220922 214706	binary	custom	TRUE	TRUE	FALSE	-100	-1	0	0	0	31	788	TRUE	757577	0.0113892510782956	0.811581350485235	124	723	0.108639455099637	26372000	87
20220922 214802	binary	custom	TRUE	TRUE	FALSE	-100	-1	0	0	0	31	312	TRUE	757577	0.0270270439122221	0.862253905637942	374	983	0.124375231940147	25806000	88
20220922 214828	binary	custom	TRUE	TRUE	FALSE	-100	-1	0	0	0	31	91	TRUE	757577	0.0472601564861834	0.357523213117961	296	803	0.157340550662914	27042000	89
20220922 214958	binary	custom	TRUE	TRUE	FALSE	-100	-1	0	0	0	31	375	TRUE	757577	0.0111723245792789	0.26085186800962	184	400	0.148045030115439	27052000	90
20220922 215226	binary	custom	TRUE	TRUE	FALSE	-100	-1	0	0	0	31	964	TRUE	757577	0.0185911928264878	0.482841576202283	302	1024	0.0990596868739534	26940000	91
20220922 215254	binary	custom	TRUE	TRUE	FALSE	-100	-1	0	0	0	31	254	TRUE	757577	0.0498879418028507	0.995530816268717	897	285	0.196977012443237	26006000	92
20220922 215325	binary	custom	TRUE	TRUE	FALSE	-100	-1	0	0	0	31	96	TRUE	757577	0.0464774689372062	0.482906324826045	422	1012	0.188795523453278	26118000	93
20220922 215740	binary	custom	TRUE	TRUE	FALSE	-100	-1	0	0	0	31	335	TRUE	757577	0.010875855900577	0.996373833822232	78	776	0.197266264430151	26200000	94
20220922 220129	binary	custom	TRUE	TRUE	FALSE	-100	-1	0	0	0	31	948	TRUE	757577	0.0110835017049648	0.983261081590862	187	224	0.155034007493993	26528000	95
20220922 220439	binary	custom	TRUE	TRUE	FALSE	-100	-1	0	0	0	31	2683	TRUE	757577	0.010013856065823	0.211818587864769	767	1021	0.111867418637621	26016000	96
20220922 220509	binary	custom	TRUE	TRUE	FALSE	-100	-1	0	0	0	31	155	TRUE	757577	0.101258812832108	0.554483810200619	701	1024	0.165108307865249	26172000	97
20220922 220543	binary	custom	TRUE	TRUE	FALSE	-100	-1	0	0	0	31	337	TRUE	757577	0.0239375137757582	0.221453384038138	944	653	0.17762515079496	26480000	98
20220922 220608	binary	custom	TRUE	TRUE	FALSE	-100	-1	0	0	0	31	182	TRUE	757577	0.0231099605138555	0.924259107268847	435	17	0.192243954944793	26066000	99
20220922 220800	binary	custom	TRUE	TRUE	FALSE	-100	-1	0	0	0	31	332	TRUE	757577	0.0100516085987518	0.378545500052196	171	174	0.166550027466864	26732000	100
20220922 221202	binary	custom	TRUE	TRUE	FALSE	-100	-1	0	0	0	31	2206	TRUE	757577	0.0102652078884816	0.668734435426773	432	986	0.0990444908470657	26388000	101
20220922 221308	binary	custom	TRUE	TRUE	FALSE	-100	-1	0	0	0	31	683	TRUE	757577	0.0134696189341223	0.214214955810633	544	31	0.148542025214794	26310000	102
20220922 221416	binary	custom	TRUE	TRUE	FALSE	-100	-1	0	0	0	31	686	TRUE	757577	0.011272012720077	0.214727779162572	952	81	0.163733026892898	26594000	103
20220922 221447	binary	custom	TRUE	TRUE	FALSE	-100	-1	0	0	0	31	13	TRUE	757577	0.0125417986338393	0.247421626130873	673	865	0.0692678632143628	19656000	104
20220922 221520	binary	custom	TRUE	TRUE	FALSE	-100	-1	0	0	0	31	121	TRUE	757577	0.0603650788626472	0.340815478745213	297	568	0.147317864931527	27444000	105
20220922 221607	binary	custom	TRUE	TRUE	FALSE	-100	-1	0	0	0	31	319	TRUE	757577	0.0172007073755193	0.251952798261768	605	214	0.198461331323354	26120000	106
20220922 221630	binary	custom	TRUE	TRUE	FALSE	-100	-1	0	0	0	31	58	TRUE	757577	0.291954475539741	0.999834863303287	172	646	0.0685144500843637	24998000	107
20220922 221654	binary	custom	TRUE	TRUE	FALSE	-100	-1	0	0	0	31	178	TRUE	757577	0.0495020869224764	0.261235837730176	597	1024	0.185553357408016	25742000	108
20220922 221949	binary	custom	TRUE	TRUE	FALSE	-100	-1	0	0	0	31	1726	TRUE	757577	0.0119515645634376	0.286061679959842	408	719	0.110380892654795	26338000	109
20220922 222307	binary	custom	TRUE	TRUE	FALSE	-100	-1	0	0	0	31	1461	TRUE	757577	0.0106745186566027	0.462215673556437	407	997	0.136873020428104	26662000	110
20220922 222318	binary	custom	TRUE	TRUE	FALSE	-100	-1	0	0	0	31	28	TRUE	757577	0.295537094195459	0.539831911119103	1088	16	0.181353879255849	24368000	111
20220922 222606	binary	custom	TRUE	TRUE	FALSE	-100	-1	0	0	0	31	1377	TRUE	757577	0.010107134514843	0.488890174290633	692	459	0.229930767883933	25206000	112
20220922 222832	binary	custom	TRUE	TRUE	FALSE	-100	-1	0	0	0	31	1246	TRUE	757577	0.0112238059293685	0.364604350797522	544	396	0.132230671062238	26466000	113
20220922 223248	binary	custom	TRUE	TRUE	FALSE	-100	-1	0	0	0	31	508	TRUE	757577	0.0101805125492133	0.851255738360077	102	341	0.17267286610702	26546000	114
20220922 223357	binary	custom	TRUE	TRUE	FALSE	-100	-1	0	0	0	31	659	TRUE	757577	0.0311536681549443	0.989844384165277	571	166	0.138773028801114	25850000	115
20220922 223609	binary	custom	TRUE	TRUE	FALSE	-100	-1	0	0	0	31	330	TRUE	757577	0.0103076150767346	0.848622668040457	192	709	0.17077420239224	26584000	116
20220922 223616	binary	custom	TRUE	TRUE	FALSE	-100	-1	0	0	0	31	24	TRUE	757577	0.290594638030839	0.984883175477953	1268	17	0.188970476497247	24620000	117
20220922 223824	binary	custom	TRUE	TRUE	FALSE	-100	-1	0	0	0	31	766	TRUE	757577	0.0104506085516429	0.48272672764391	530	751	0.144654047319791	25962000	118
20220922 223844	binary	custom	TRUE	TRUE	FALSE	-100	-1	0	0	0	31	74	TRUE	757577	0.289166308256105	0.791914545071899	258	880	0.108354515267066	24058000	119
20220922 224004	binary	custom	TRUE	TRUE	FALSE	-100	-1	0	0	0	31	627	TRUE	757577	0.0100582708658949	0.914663532403402	755	1011	0.166439157935465	26084000	120
