fecha	objective	metric	first_metric_only	boost_from_average	feature_pre_filter	verbosity	max_depth	min_gain_to_split	lambda_l1	lambda_l2	max_bin	num_iterations	force_row_wise	seed	learning_rate	feature_fraction	min_data_in_leaf	num_leaves	prob_corte	ganancia	iteracion
20220924 111741	binary	custom	TRUE	TRUE	FALSE	-100	-1	0	0	0	31	116	TRUE	102191	0.244031130656018	0.62452575196512	5558	387	0.124503540018916	25427000	1
20220924 111815	binary	custom	TRUE	TRUE	FALSE	-100	-1	0	0	0	31	201	TRUE	102191	0.118903239563806	0.536150591587648	6382	162	0.0822300584317067	25941000	2
20220924 111839	binary	custom	TRUE	TRUE	FALSE	-100	-1	0	0	0	31	41	TRUE	102191	0.14707977983309	0.337148493053392	974	954	0.170920818275842	25408000	3
20220924 111851	binary	custom	TRUE	TRUE	FALSE	-100	-1	0	0	0	31	77	TRUE	102191	0.178075529693044	0.784471182683483	7585	628	0.128614903220427	25130000	4
20220924 111936	binary	custom	TRUE	TRUE	FALSE	-100	-1	0	0	0	31	160	TRUE	102191	0.057738197069848	0.38298627788201	2217	221	0.178167553624511	24681000	5
20220924 112010	binary	custom	TRUE	TRUE	FALSE	-100	-1	0	0	0	31	108	TRUE	102191	0.0972970103867119	0.429563217209652	3656	580	0.0463894103002925	22107000	6
20220924 112117	binary	custom	TRUE	TRUE	FALSE	-100	-1	0	0	0	31	423	TRUE	102191	0.044356783546973	0.226412133406848	3504	868	0.199313243809338	23465000	7
20220924 112141	binary	custom	TRUE	TRUE	FALSE	-100	-1	0	0	0	31	70	TRUE	102191	0.27591596493416	0.447317100511864	2904	339	0.193612246022346	22637000	8
20220924 112206	binary	custom	TRUE	TRUE	FALSE	-100	-1	0	0	0	31	231	TRUE	102191	0.0889735305930953	0.594746486963704	4865	483	0.161549569990175	25005000	9
20220924 112339	binary	custom	TRUE	TRUE	FALSE	-100	-1	0	0	0	31	166	TRUE	102191	0.030205987595953	0.812321948762983	466	443	0.154655196212712	26056000	10
20220924 112352	binary	custom	TRUE	TRUE	FALSE	-100	-1	0	0	0	31	56	TRUE	102191	0.21306089129101	0.705400813445449	4179	880	0.141979743744435	25463000	11
20220924 112425	binary	custom	TRUE	TRUE	FALSE	-100	-1	0	0	0	31	177	TRUE	102191	0.158145789649105	0.861106545310468	1593	181	0.0648492605938066	26732000	12
20220924 112440	binary	custom	TRUE	TRUE	FALSE	-100	-1	0	0	0	31	101	TRUE	102191	0.212881393144722	0.973278445135802	5706	523	0.228460674651012	21301000	13
20220924 112459	binary	custom	TRUE	TRUE	FALSE	-100	-1	0	0	0	31	35	TRUE	102191	0.139353679565131	0.310782153243199	1869	53	0.106648468688069	26681000	14
20220924 112535	binary	custom	TRUE	TRUE	FALSE	-100	-1	0	0	0	31	278	TRUE	102191	0.295719925888814	0.939521474437788	2422	977	0.0357580095710491	24201000	15
20220924 112606	binary	custom	TRUE	TRUE	FALSE	-100	-1	0	0	0	31	383	TRUE	102191	0.0802582472964423	0.653159312102944	7991	116	0.21242905178925	21947000	16
20220924 112634	binary	custom	TRUE	TRUE	FALSE	-100	-1	0	0	0	31	150	TRUE	102191	0.241423392464872	0.267895147399977	4723	694	0.0899034867779189	26032000	17
20220924 112732	binary	custom	TRUE	TRUE	FALSE	-100	-1	0	0	0	31	622	TRUE	102191	0.0221598313672002	0.753010020619258	7063	808	0.0512460107671052	21582000	18
20220924 112815	binary	custom	TRUE	TRUE	FALSE	-100	-1	0	0	0	31	23	TRUE	102191	0.196588656585896	0.518092971378937	252	746	0.236299965829737	20085000	19
20220924 112829	binary	custom	TRUE	TRUE	FALSE	-100	-1	0	0	0	31	92	TRUE	102191	0.26929422836483	0.909669757867232	6647	294	0.10007636989004	24949000	20
20220924 112912	binary	custom	TRUE	TRUE	FALSE	-100	-1	0	0	0	31	41	TRUE	102191	0.158558169220945	0.602072933037754	214	148	0.0855151509746369	25506000	21
20220924 112946	binary	custom	TRUE	TRUE	FALSE	-100	-1	0	0	0	31	240	TRUE	102191	0.171587680342404	0.856106056520955	3148	19	0.0648643038867522	26159000	22
20220924 113019	binary	custom	TRUE	TRUE	FALSE	-100	-1	0	0	0	31	134	TRUE	102191	0.0573691425571719	0.208523817575433	2424	158	0.117329178248977	26317000	23
20220924 113042	binary	custom	TRUE	TRUE	FALSE	-100	-1	0	0	0	31	99	TRUE	102191	0.230475139926936	0.205186201975989	2574	178	0.0679346487551065	25556000	24
20220924 113117	binary	custom	TRUE	TRUE	FALSE	-100	-1	0	0	0	31	323	TRUE	102191	0.0778136387657854	0.573844185603026	4004	16	0.109876335794304	26613000	25
20220924 113200	binary	custom	TRUE	TRUE	FALSE	-100	-1	0	0	0	31	33	TRUE	102191	0.252612517711802	0.998627371827986	270	407	0.0665136871923538	24206000	26
20220924 113247	binary	custom	TRUE	TRUE	FALSE	-100	-1	0	0	0	31	315	TRUE	102191	0.069319102243959	0.991360317923289	2031	144	0.0654614782729532	26723000	27
20220924 113320	binary	custom	TRUE	TRUE	FALSE	-100	-1	0	0	0	31	86	TRUE	102191	0.129733398209032	0.537461027715261	1207	33	0.13306716825356	25918000	28
20220924 113340	binary	custom	TRUE	TRUE	FALSE	-100	-1	0	0	0	31	79	TRUE	102191	0.178867254694069	0.201435100926237	2227	723	0.109766676082192	26587000	29
20220924 113355	binary	custom	TRUE	TRUE	FALSE	-100	-1	0	0	0	31	44	TRUE	102191	0.298754808016011	0.200359845967968	3241	902	0.104348365114712	25489000	30
20220924 113440	binary	custom	TRUE	TRUE	FALSE	-100	-1	0	0	0	31	77	TRUE	102191	0.0730716686731784	0.200845907710352	234	654	0.136116267755958	25139000	31
20220924 113509	binary	custom	TRUE	TRUE	FALSE	-100	-1	0	0	0	31	159	TRUE	102191	0.118875982661924	0.825072824235931	2264	118	0.109774685244551	26475000	32
20220924 113529	binary	custom	TRUE	TRUE	FALSE	-100	-1	0	0	0	31	76	TRUE	102191	0.153367841390741	0.204606826054662	3947	570	0.106894106946483	25682000	33
20220924 113556	binary	custom	TRUE	TRUE	FALSE	-100	-1	0	0	0	31	114	TRUE	102191	0.154028477096846	0.258117929766952	4537	58	0.112345190742761	26824000	34
20220924 113628	binary	custom	TRUE	TRUE	FALSE	-100	-1	0	0	0	31	149	TRUE	102191	0.149594455573227	0.999284188646293	1544	149	0.055132541417044	25841000	35
20220924 113650	binary	custom	TRUE	TRUE	FALSE	-100	-1	0	0	0	31	50	TRUE	102191	0.23499177654307	0.439789708482772	2801	17	0.114863022173878	26325000	36
20220924 113716	binary	custom	TRUE	TRUE	FALSE	-100	-1	0	0	0	31	191	TRUE	102191	0.12684592227906	0.923890984274445	3265	175	0.0694826262781786	25936000	37
20220924 113823	binary	custom	TRUE	TRUE	FALSE	-100	-1	0	0	0	31	93	TRUE	102191	0.0598709564979833	0.654421942822611	107	119	0.0640157733119384	27309000	38
20220924 113959	binary	custom	TRUE	TRUE	FALSE	-100	-1	0	0	0	31	101	TRUE	102191	0.0400332539259343	0.96006722052111	340	767	0.112606347427576	26289000	39
20220924 114558	binary	custom	TRUE	TRUE	FALSE	-100	-1	0	0	0	31	1193	TRUE	102191	0.0100656645752724	0.647845629993695	687	134	0.063061579596951	27212000	40
20220924 114646	binary	custom	TRUE	TRUE	FALSE	-100	-1	0	0	0	31	248	TRUE	102191	0.038038478957628	0.997156697427112	2199	145	0.150128830015363	25554000	41
20220924 115006	binary	custom	TRUE	TRUE	FALSE	-100	-1	0	0	0	31	534	TRUE	102191	0.0130897021189548	0.217053551506148	345	748	0.0968971276304062	27090000	42
20220924 115104	binary	custom	TRUE	TRUE	FALSE	-100	-1	0	0	0	31	19	TRUE	102191	0.166757344372877	0.462619027025364	6	732	0.099025476458635	12376000	43
20220924 115152	binary	custom	TRUE	TRUE	FALSE	-100	-1	0	0	0	31	204	TRUE	102191	0.0745000638338506	0.413369344964994	7534	16	0.0440323954588888	19807000	44
20220924 115240	binary	custom	TRUE	TRUE	FALSE	-100	-1	0	0	0	31	178	TRUE	102191	0.0655528526055498	0.714419267545256	1093	93	0.0672549460313694	26934000	45
20220924 115345	binary	custom	TRUE	TRUE	FALSE	-100	-1	0	0	0	31	398	TRUE	102191	0.0833848134792502	0.222959979751997	1807	756	0.0517196836931201	25958000	46
20220924 115410	binary	custom	TRUE	TRUE	FALSE	-100	-1	0	0	0	31	141	TRUE	102191	0.169236739389467	0.657535464190098	2206	24	0.0601538427081428	25130000	47
20220924 115834	binary	custom	TRUE	TRUE	FALSE	-100	-1	0	0	0	31	258	TRUE	102191	0.0108970553085086	0.783943356505758	15	164	0.069003483004689	26380000	48
20220924 120305	binary	custom	TRUE	TRUE	FALSE	-100	-1	0	0	0	31	286	TRUE	102191	0.0101165098741519	0.684773971112515	134	145	0.104569524002892	26769000	49
20220924 120552	binary	custom	TRUE	TRUE	FALSE	-100	-1	0	0	0	31	187	TRUE	102191	0.022241456403983	0.687544339541718	4	180	0.0339100059796431	26854000	50
20220924 120830	binary	custom	TRUE	TRUE	FALSE	-100	-1	0	0	0	31	318	TRUE	102191	0.0101731799862824	0.894320873257441	822	62	0.0895429656695854	26770000	51
20220924 120853	binary	custom	TRUE	TRUE	FALSE	-100	-1	0	0	0	31	76	TRUE	102191	0.278193996513616	0.27433577696993	2833	27	0.138022877934961	26457000	52
20220924 121039	binary	custom	TRUE	TRUE	FALSE	-100	-1	0	0	0	31	417	TRUE	102191	0.0102575468296599	0.867425339434114	1887	430	0.102509627866103	26367000	53
20220924 121207	binary	custom	TRUE	TRUE	FALSE	-100	-1	0	0	0	31	315	TRUE	102191	0.0158186154079801	0.273669794922807	3227	258	0.105896924420437	25861000	54
20220924 121433	binary	custom	TRUE	TRUE	FALSE	-100	-1	0	0	0	31	477	TRUE	102191	0.0118423101509162	0.239870775830397	800	1007	0.105084193001159	27077000	55
20220924 121619	binary	custom	TRUE	TRUE	FALSE	-100	-1	0	0	0	31	540	TRUE	102191	0.0328439889853861	0.525869643067988	4393	99	0.129286591188626	26194000	56
20220924 121646	binary	custom	TRUE	TRUE	FALSE	-100	-1	0	0	0	31	113	TRUE	102191	0.162422950685358	0.853297190109834	1215	791	0.139957781072956	24993000	57
20220924 122137	binary	custom	TRUE	TRUE	FALSE	-100	-1	0	0	0	31	453	TRUE	102191	0.0101456814009954	0.68257908308286	8	101	0.0657719086964549	28032000	58
20220924 122153	binary	custom	TRUE	TRUE	FALSE	-100	-1	0	0	0	31	93	TRUE	102191	0.299960098211965	0.76114403287152	3962	455	0.149994510713485	24613000	59
20220924 122402	binary	custom	TRUE	TRUE	FALSE	-100	-1	0	0	0	31	1361	TRUE	102191	0.0102199659998579	0.999985658988731	5624	17	0.0817952486424487	25744000	60
20220924 122614	binary	custom	TRUE	TRUE	FALSE	-100	-1	0	0	0	31	733	TRUE	102191	0.0172227791058946	0.297378133347509	4887	1023	0.116528190458636	26328000	61
20220924 122914	binary	custom	TRUE	TRUE	FALSE	-100	-1	0	0	0	31	880	TRUE	102191	0.0103328841175054	0.256283367715985	2275	834	0.105616471869909	26761000	62
20220924 122939	binary	custom	TRUE	TRUE	FALSE	-100	-1	0	0	0	31	94	TRUE	102191	0.24606340010483	0.347583513043293	4017	16	0.130708614869306	25073000	63
20220924 123001	binary	custom	TRUE	TRUE	FALSE	-100	-1	0	0	0	31	69	TRUE	102191	0.155923079867617	0.24628248348696	174	16	0.104210257243775	26108000	64
20220924 123149	binary	custom	TRUE	TRUE	FALSE	-100	-1	0	0	0	31	1085	TRUE	102191	0.0169736607621558	0.850517204752029	0	18	0.163532432232564	25728000	65
20220924 124107	binary	custom	TRUE	TRUE	FALSE	-100	-1	0	0	0	31	170	TRUE	102191	0.01507646323803	0.999879966775876	64	1022	0.147718963200363	23857000	66
20220924 124135	binary	custom	TRUE	TRUE	FALSE	-100	-1	0	0	0	31	125	TRUE	102191	0.157344850995914	0.20039041037067	5774	16	0.177075739318008	24370000	67
20220924 124158	binary	custom	TRUE	TRUE	FALSE	-100	-1	0	0	0	31	57	TRUE	102191	0.256304551305875	0.276182661288393	1394	1024	0.128288287778379	25475000	68
20220924 124618	binary	custom	TRUE	TRUE	FALSE	-100	-1	0	0	0	31	1942	TRUE	102191	0.0101745187227782	0.227019214984117	7491	789	0.0930011189421404	25970000	69
20220924 124652	binary	custom	TRUE	TRUE	FALSE	-100	-1	0	0	0	31	179	TRUE	102191	0.185155338606378	0.33215407398409	7973	1024	0.16437603706306	23988000	70
20220924 125510	binary	custom	TRUE	TRUE	FALSE	-100	-1	0	0	0	31	144	TRUE	102191	0.0105718953751474	0.902862089127582	4	643	0.069954626353832	17778000	71
20220924 125836	binary	custom	TRUE	TRUE	FALSE	-100	-1	0	0	0	31	456	TRUE	102191	0.0101560827040144	0.967600394207207	538	214	0.113184606433231	26795000	72
20220924 130210	binary	custom	TRUE	TRUE	FALSE	-100	-1	0	0	0	31	1243	TRUE	102191	0.0110043010100945	0.675612112425349	1367	107	0.0786570126609336	27559000	73
20220924 130712	binary	custom	TRUE	TRUE	FALSE	-100	-1	0	0	0	31	299	TRUE	102191	0.0107767502080899	0.853749867309852	275	293	0.123812253251877	26804000	74
20220924 130845	binary	custom	TRUE	TRUE	FALSE	-100	-1	0	0	0	31	78	TRUE	102191	0.0622422689040008	0.20065264270709	76	946	0.0778240863186638	27478000	75
20220924 131109	binary	custom	TRUE	TRUE	FALSE	-100	-1	0	0	0	31	1854	TRUE	102191	0.0123052775669195	0.671838783524488	7040	93	0.136310600906271	25373000	76
20220924 131148	binary	custom	TRUE	TRUE	FALSE	-100	-1	0	0	0	31	33	TRUE	102191	0.223648784460543	0.852687482512972	108	155	0.0301445426118575	23947000	77
20220924 131217	binary	custom	TRUE	TRUE	FALSE	-100	-1	0	0	0	31	140	TRUE	102191	0.203731295289306	0.524546309410513	7707	18	0.116512640891081	26459000	78
20220924 131426	binary	custom	TRUE	TRUE	FALSE	-100	-1	0	0	0	31	598	TRUE	102191	0.0191527531474645	0.232895214899184	959	718	0.0757413292415629	27375000	79
20220924 131925	binary	custom	TRUE	TRUE	FALSE	-100	-1	0	0	0	31	2104	TRUE	102191	0.0165524103856698	0.25585524988459	2527	1024	0.0730025197975576	26888000	80
20220924 132533	binary	custom	TRUE	TRUE	FALSE	-100	-1	0	0	0	31	480	TRUE	102191	0.0136245519318479	0.682940889470966	141	229	0.06630564024241	26946000	81
20220924 132601	binary	custom	TRUE	TRUE	FALSE	-100	-1	0	0	0	31	234	TRUE	102191	0.0686357861229183	0.999637238485356	4900	519	0.121667395285317	26592000	82
20220924 132617	binary	custom	TRUE	TRUE	FALSE	-100	-1	0	0	0	31	14	TRUE	102191	0.287893812602661	0.278051919843257	1059	198	0.117782510220233	26120000	83
20220924 132628	binary	custom	TRUE	TRUE	FALSE	-100	-1	0	0	0	31	62	TRUE	102191	0.257237343540867	0.999206365400488	7804	1024	0.114168983896463	25408000	84
20220924 132949	binary	custom	TRUE	TRUE	FALSE	-100	-1	0	0	0	31	962	TRUE	102191	0.0200646097274391	0.200171976173177	2317	800	0.0835660002005332	26963000	85
20220924 133016	binary	custom	TRUE	TRUE	FALSE	-100	-1	0	0	0	31	1	TRUE	102191	0.291632013837868	0.220036941484414	1	752	0.0717066697207479	9446000	86
20220924 133207	binary	custom	TRUE	TRUE	FALSE	-100	-1	0	0	0	31	210	TRUE	102191	0.0454898678448797	0.201063755304589	252	1002	0.0538963592571732	27708000	87
20220924 133234	binary	custom	TRUE	TRUE	FALSE	-100	-1	0	0	0	31	132	TRUE	102191	0.17282705785014	0.200398058228025	2640	999	0.128365835329766	26337000	88
20220924 133309	binary	custom	TRUE	TRUE	FALSE	-100	-1	0	0	0	31	122	TRUE	102191	0.0495817362926769	0.200431047544172	1242	774	0.128074388364501	26592000	89
20220924 133452	binary	custom	TRUE	TRUE	FALSE	-100	-1	0	0	0	31	274	TRUE	102191	0.0207876534152112	0.201865680372563	352	915	0.105517178819698	27531000	90
20220924 133702	binary	custom	TRUE	TRUE	FALSE	-100	-1	0	0	0	31	380	TRUE	102191	0.0193503513182306	0.315640992060812	619	674	0.159343322559131	26022000	91
20220924 134100	binary	custom	TRUE	TRUE	FALSE	-100	-1	0	0	0	31	700	TRUE	102191	0.0113806030902656	0.293901742405913	1280	265	0.1217987522393	27075000	92
20220924 134457	binary	custom	TRUE	TRUE	FALSE	-100	-1	0	0	0	31	1005	TRUE	102191	0.0103728834225351	0.214943771176928	7	82	0.0304038899450527	28233000	93
20220924 135037	binary	custom	TRUE	TRUE	FALSE	-100	-1	0	0	0	31	1674	TRUE	102191	0.0124463816949412	0.375483255477172	1697	188	0.061142968494754	26858000	94
20220924 135109	binary	custom	TRUE	TRUE	FALSE	-100	-1	0	0	0	31	133	TRUE	102191	0.0580716693390434	0.998393345131881	2071	778	0.12467498916392	25881000	95
20220924 135140	binary	custom	TRUE	TRUE	FALSE	-100	-1	0	0	0	31	135	TRUE	102191	0.222591923391762	0.677339053003269	1820	278	0.0738196223839834	26125000	96
20220924 135424	binary	custom	TRUE	TRUE	FALSE	-100	-1	0	0	0	31	407	TRUE	102191	0.0370388377686168	0.41906278612684	338	91	0.0329092849748871	27442000	97
20220924 135441	binary	custom	TRUE	TRUE	FALSE	-100	-1	0	0	0	31	48	TRUE	102191	0.230727332519943	0.991661339697057	1550	270	0.112137247077566	25864000	98
20220924 135500	binary	custom	TRUE	TRUE	FALSE	-100	-1	0	0	0	31	69	TRUE	102191	0.209264750969445	0.200152616999797	2268	248	0.122466929253964	25876000	99
20220924 135523	binary	custom	TRUE	TRUE	FALSE	-100	-1	0	0	0	31	118	TRUE	102191	0.200998708908012	0.201490597123131	5847	832	0.11067883128674	26110000	100
20220924 135541	binary	custom	TRUE	TRUE	FALSE	-100	-1	0	0	0	31	143	TRUE	102191	0.161875795837518	0.717670550982491	5593	49	0.107135041947498	26571000	101
20220924 135838	binary	custom	TRUE	TRUE	FALSE	-100	-1	0	0	0	31	477	TRUE	102191	0.0103845169671081	0.270267848564683	2	77	0.0720501925166804	27372000	102
20220924 135857	binary	custom	TRUE	TRUE	FALSE	-100	-1	0	0	0	31	44	TRUE	102191	0.277644143847123	0.233444341864244	2336	1023	0.166444574054321	24560000	103
20220924 140045	binary	custom	TRUE	TRUE	FALSE	-100	-1	0	0	0	31	517	TRUE	102191	0.0326664767446613	0.240589381204735	959	938	0.0686904803868177	27007000	104
20220924 140239	binary	custom	TRUE	TRUE	FALSE	-100	-1	0	0	0	31	12	TRUE	102191	0.0109152471628484	0.460696538376173	909	260	0.0323977052318331	20651000	105
20220924 140333	binary	custom	TRUE	TRUE	FALSE	-100	-1	0	0	0	31	70	TRUE	102191	0.0642832908477205	0.796531101963048	596	57	0.113583900495394	27027000	106
20220924 140518	binary	custom	TRUE	TRUE	FALSE	-100	-1	0	0	0	31	688	TRUE	102191	0.017294476823939	0.944179463634203	727	19	0.17469524783432	25454000	107
20220924 140958	binary	custom	TRUE	TRUE	FALSE	-100	-1	0	0	0	31	647	TRUE	102191	0.0161204097465612	0.203063361329903	184	938	0.0357618872327076	27600000	108
20220924 141058	binary	custom	TRUE	TRUE	FALSE	-100	-1	0	0	0	31	175	TRUE	102191	0.0407151576773516	0.543116441690428	1355	179	0.21158832334592	23796000	109
20220924 141129	binary	custom	TRUE	TRUE	FALSE	-100	-1	0	0	0	31	104	TRUE	102191	0.0774568766779942	0.231336101841432	1612	176	0.105282666599129	26933000	110
20220924 141227	binary	custom	TRUE	TRUE	FALSE	-100	-1	0	0	0	31	630	TRUE	102191	0.0794156292464655	0.994791797486746	5038	775	0.0407041103574225	22139000	111
20220924 141552	binary	custom	TRUE	TRUE	FALSE	-100	-1	0	0	0	31	817	TRUE	102191	0.0110697598910025	0.201478979378705	753	828	0.0709009253714813	27350000	112
20220924 141624	binary	custom	TRUE	TRUE	FALSE	-100	-1	0	0	0	31	5	TRUE	102191	0.0444353412032293	0.338357574700997	1	17	0.0366980501304586	24318000	113
20220924 141650	binary	custom	TRUE	TRUE	FALSE	-100	-1	0	0	0	31	111	TRUE	102191	0.211176812451293	0.289375453413064	3883	931	0.11818954458561	26043000	114
20220924 142204	binary	custom	TRUE	TRUE	FALSE	-100	-1	0	0	0	31	1508	TRUE	102191	0.0100233303389139	0.208129098659396	736	137	0.0569858556244811	27479000	115
20220924 142443	binary	custom	TRUE	TRUE	FALSE	-100	-1	0	0	0	31	378	TRUE	102191	0.0200176248550963	0.40686143733341	448	68	0.0878959531167509	27466000	116
20220924 142518	binary	custom	TRUE	TRUE	FALSE	-100	-1	0	0	0	31	133	TRUE	102191	0.0772357250798998	0.955532677244909	1541	400	0.124677100218246	27089000	117
20220924 142610	binary	custom	TRUE	TRUE	FALSE	-100	-1	0	0	0	31	462	TRUE	102191	0.0340932294088822	0.857953054029948	4728	315	0.119200928613275	26257000	118
20220924 142633	binary	custom	TRUE	TRUE	FALSE	-100	-1	0	0	0	31	97	TRUE	102191	0.271172637252046	0.549725041332492	4908	76	0.106788985579156	26346000	119
20220924 143645	binary	custom	TRUE	TRUE	FALSE	-100	-1	0	0	0	31	4646	TRUE	102191	0.0105242392154482	0.274207497817785	4980	694	0.0371467430557063	20692000	120
