fecha	objective	metric	first_metric_only	boost_from_average	feature_pre_filter	verbosity	max_depth	min_gain_to_split	lambda_l1	lambda_l2	max_bin	num_iterations	force_row_wise	seed	learning_rate	feature_fraction	min_data_in_leaf	num_leaves	prob_corte	ganancia	iteracion
20220919 160120	binary	custom	TRUE	TRUE	FALSE	-100	-1	0	0	0	31	515	TRUE	999983	0.0084880337701994	0.36949855396233	1566	618	0.0216651796533066	25530000	1
20220919 160247	binary	custom	TRUE	TRUE	FALSE	-100	-1	0	0	0	31	569	TRUE	999983	0.0152795325097861	0.278505872242386	2417	350	0.0415525944094406	24040000	2
20220919 160337	binary	custom	TRUE	TRUE	FALSE	-100	-1	0	0	0	31	300	TRUE	999983	0.0212656232811278	0.161587106523803	1649	541	0.0346320181482588	24630000	3
20220919 160407	binary	custom	TRUE	TRUE	FALSE	-100	-1	0	0	0	31	215	TRUE	999983	0.0518419279884314	0.266627523602801	3554	601	0.0274002995773723	25742000	4
20220919 160446	binary	custom	TRUE	TRUE	FALSE	-100	-1	0	0	0	31	198	TRUE	999983	0.0267557582617155	0.301803951247712	2699	457	0.0587947111751904	19900000	5
20220919 160524	binary	custom	TRUE	TRUE	FALSE	-100	-1	0	0	0	31	270	TRUE	999983	0.0413663561755791	0.206539498304483	2603	268	0.0613924459229747	19310000	6
20220919 160555	binary	custom	TRUE	TRUE	FALSE	-100	-1	0	0	0	31	187	TRUE	999983	0.0376990888630855	0.167775026519666	1792	910	0.0433384450134569	22990000	7
20220919 160633	binary	custom	TRUE	TRUE	FALSE	-100	-1	0	0	0	31	212	TRUE	999983	0.0445227155204862	0.349378272015019	2800	869	0.0647283755070627	19140000	8
20220919 160709	binary	custom	TRUE	TRUE	FALSE	-100	-1	0	0	0	31	132	TRUE	999983	0.0318637374411453	0.32543379314302	1242	826	0.0293510517158817	25032000	9
20220919 160836	binary	custom	TRUE	TRUE	FALSE	-100	-1	0	0	0	31	656	TRUE	999983	0.0162094168420648	0.291368624285678	3482	493	0.0319427063048837	25148000	10
20220919 160907	binary	custom	TRUE	TRUE	FALSE	-100	-1	0	0	0	31	165	TRUE	999983	0.059226302682457	0.392620244307909	3101	183	0.0151469507465178	23892000	11
20220919 161042	binary	custom	TRUE	TRUE	FALSE	-100	-1	0	0	0	31	489	TRUE	999983	0.0106805537907523	0.242144576294231	1443	790	0.0528509460104397	21150000	12
20220919 161701	binary	custom	TRUE	TRUE	FALSE	-100	-1	0	0	0	31	3249	TRUE	999983	0.00313465737538645	0.196519499347778	3301	708	0.0483918866499638	21704000	13
20220919 161749	binary	custom	TRUE	TRUE	FALSE	-100	-1	0	0	0	31	289	TRUE	999983	0.0235401098008151	0.212847048643744	1921	231	0.0456683542492586	22660000	14
20220919 161819	binary	custom	TRUE	TRUE	FALSE	-100	-1	0	0	0	31	164	TRUE	999983	0.0472272013475304	0.317749658814864	3753	320	0.0547105243427116	21158000	15
20220919 161905	binary	custom	TRUE	TRUE	FALSE	-100	-1	0	0	0	31	372	TRUE	999983	0.0510569161533611	0.233132864281652	2250	1008	0.0162634272865156	25014000	16
20220919 162001	binary	custom	TRUE	TRUE	FALSE	-100	-1	0	0	0	31	538	TRUE	999983	0.0295917717304197	0.182769201364135	3877	391	0.0201200146166957	24642000	17
20220919 162037	binary	custom	TRUE	TRUE	FALSE	-100	-1	0	0	0	31	145	TRUE	999983	0.0356734640005976	0.377829880360514	2136	106	0.0257280203774765	25490000	18
20220919 162059	binary	custom	TRUE	TRUE	FALSE	-100	-1	0	0	0	31	69	TRUE	999983	0.0557906247287523	0.256640002861968	1120	655	0.0567095737148581	20546000	19
20220919 162421	binary	custom	TRUE	TRUE	FALSE	-100	-1	0	0	0	31	1382	TRUE	999983	0.00660990253731143	0.353621471885708	2983	972	0.0380827453353656	24190000	20
20220919 162506	binary	custom	TRUE	TRUE	FALSE	-100	-1	0	0	0	31	243	TRUE	999983	0.0322743068359647	0.28719260879817	2418	629	0.0259112446304894	25536000	21
20220919 162532	binary	custom	TRUE	TRUE	FALSE	-100	-1	0	0	0	31	93	TRUE	999983	0.0584776842463393	0.295187554164833	1778	468	0.0239290807838782	25326000	22
20220919 162559	binary	custom	TRUE	TRUE	FALSE	-100	-1	0	0	0	31	164	TRUE	999983	0.059369744128664	0.306409287713926	3715	1019	0.0262327190112935	25360000	23
20220919 163544	binary	custom	TRUE	TRUE	FALSE	-100	-1	0	0	0	31	2947	TRUE	999983	0.00191791839517255	0.389522863832671	1939	374	0.0281296924967838	25628000	24
20220919 163627	binary	custom	TRUE	TRUE	FALSE	-100	-1	0	0	0	31	252	TRUE	999983	0.0548217455681839	0.367922966183583	3037	498	0.0290159485200898	25392000	25
20220919 164902	binary	custom	TRUE	TRUE	FALSE	-100	-1	0	0	0	31	4474	TRUE	999983	0.00148293182728982	0.301465702326539	1640	122	0.0252546077260418	25800000	26
20220919 165732	binary	custom	TRUE	TRUE	FALSE	-100	-1	0	0	0	31	2297	TRUE	999983	0.00226170468465516	0.348213237037382	1054	144	0.0248419139694341	26222000	27
20220919 171548	binary	custom	TRUE	TRUE	FALSE	-100	-1	0	0	0	31	5212	TRUE	999983	0.00117256296514063	0.399301366887876	1000	102	0.0238298585946511	26320000	28
20220919 173114	binary	custom	TRUE	TRUE	FALSE	-100	-1	0	0	0	31	4808	TRUE	999983	0.00161658504933289	0.379689958234709	1000	100	0.0188350310543867	25886000	29
20220919 173250	binary	custom	TRUE	TRUE	FALSE	-100	-1	0	0	0	31	354	TRUE	999983	0.0132943499665397	0.398488582389418	1002	100	0.0264809830296263	25824000	30
20220919 175144	binary	custom	TRUE	TRUE	FALSE	-100	-1	0	0	0	31	5622	TRUE	999983	0.00102569938290412	0.346819041745679	1001	295	0.0232996587292206	26120000	31
20220919 175213	binary	custom	TRUE	TRUE	FALSE	-100	-1	0	0	0	31	159	TRUE	999983	0.0599155166775508	0.150269149916494	3171	857	0.0272822775419874	25282000	32
20220919 175236	binary	custom	TRUE	TRUE	FALSE	-100	-1	0	0	0	31	122	TRUE	999983	0.0599051934579163	0.284683827684931	3996	106	0.0293887487398474	24644000	33
20220919 181137	binary	custom	TRUE	TRUE	FALSE	-100	-1	0	0	0	31	5765	TRUE	999983	0.00108267027704191	0.399400034386795	1195	101	0.0236706426228623	25858000	34
20220919 183108	binary	custom	TRUE	TRUE	FALSE	-100	-1	0	0	0	31	5429	TRUE	999983	0.00104637370212944	0.322186138309448	1000	1008	0.0234661375185026	26204000	35
20220919 184429	binary	custom	TRUE	TRUE	FALSE	-100	-1	0	0	0	31	3299	TRUE	999983	0.00101317183536154	0.191032793210903	1000	840	0.0231741175419662	25342000	36
20220919 190253	binary	custom	TRUE	TRUE	FALSE	-100	-1	0	0	0	31	5029	TRUE	999983	0.00101898470767528	0.345826730620873	1000	103	0.0255909851278694	26440000	37
20220919 192013	binary	custom	TRUE	TRUE	FALSE	-100	-1	0	0	0	31	7923	TRUE	999983	0.00100399729032072	0.397719961399675	1946	1024	0.0232124006484741	25494000	38
20220919 193455	binary	custom	TRUE	TRUE	FALSE	-100	-1	0	0	0	31	3416	TRUE	999983	0.00111808790800839	0.340462451036228	1000	106	0.0316525707771581	25176000	39
20220919 193652	binary	custom	TRUE	TRUE	FALSE	-100	-1	0	0	0	31	587	TRUE	999983	0.0168496934451123	0.383677438536494	1000	956	0.0126219873869642	25122000	40
20220919 193722	binary	custom	TRUE	TRUE	FALSE	-100	-1	0	0	0	31	88	TRUE	999983	0.0575198519082611	0.364837015265604	1000	1022	0.0207373784137428	25768000	41
20220919 195245	binary	custom	TRUE	TRUE	FALSE	-100	-1	0	0	0	31	9473	TRUE	999983	0.00100236698732496	0.399918367805641	4000	629	0.0256438365429555	25472000	42
20220919 200418	binary	custom	TRUE	TRUE	FALSE	-100	-1	0	0	0	31	4327	TRUE	999983	0.00135937402811152	0.310424710279231	3999	1019	0.0125448893586912	22752000	43
20220919 201924	binary	custom	TRUE	TRUE	FALSE	-100	-1	0	0	0	31	5736	TRUE	999983	0.00103162372612932	0.338667694467431	3182	100	0.0261671468892267	25520000	44
20220919 203121	binary	custom	TRUE	TRUE	FALSE	-100	-1	0	0	0	31	7933	TRUE	999983	0.00100532413982932	0.151620734044276	4000	652	0.0277732057899548	25158000	45
20220919 203147	binary	custom	TRUE	TRUE	FALSE	-100	-1	0	0	0	31	118	TRUE	999983	0.058871260607911	0.150087361049792	2259	100	0.0268254808849037	25342000	46
20220919 205214	binary	custom	TRUE	TRUE	FALSE	-100	-1	0	0	0	31	5292	TRUE	999983	0.00105506088867237	0.398940963061743	1000	823	0.0252623573742601	26396000	47
20220919 205254	binary	custom	TRUE	TRUE	FALSE	-100	-1	0	0	0	31	230	TRUE	999983	0.0557771155127368	0.161800727956508	1000	101	0.0126537323152979	23988000	48
20220919 211233	binary	custom	TRUE	TRUE	FALSE	-100	-1	0	0	0	31	6214	TRUE	999983	0.001105829390168	0.350214709226303	1000	787	0.0208726331481322	2.6e+07	49
20220919 212531	binary	custom	TRUE	TRUE	FALSE	-100	-1	0	0	0	31	5596	TRUE	999983	0.00102313138980609	0.150245310540069	2365	206	0.0276832202671311	25336000	50
20220919 212623	binary	custom	TRUE	TRUE	FALSE	-100	-1	0	0	0	31	354	TRUE	999983	0.0599000821339621	0.399485984293155	3490	680	0.0236713708547002	25604000	51
20220919 212651	binary	custom	TRUE	TRUE	FALSE	-100	-1	0	0	0	31	131	TRUE	999983	0.0596628012724352	0.398557047266108	3999	705	0.0363021952939114	23836000	52
20220919 212806	binary	custom	TRUE	TRUE	FALSE	-100	-1	0	0	0	31	280	TRUE	999983	0.0185465956486138	0.386218253982773	1002	1023	0.0243165800676982	25960000	53
20220919 214308	binary	custom	TRUE	TRUE	FALSE	-100	-1	0	0	0	31	9588	TRUE	999983	0.00103662903720868	0.316891668614282	3316	795	0.026316206760878	25626000	54
20220919 214342	binary	custom	TRUE	TRUE	FALSE	-100	-1	0	0	0	31	113	TRUE	999983	0.0599880594822174	0.380490959870828	2032	1022	0.0260421986640329	25398000	55
20220919 214422	binary	custom	TRUE	TRUE	FALSE	-100	-1	0	0	0	31	211	TRUE	999983	0.0598944406959284	0.399608238193009	1990	907	0.0178120857660707	24936000	56
20220919 214502	binary	custom	TRUE	TRUE	FALSE	-100	-1	0	0	0	31	224	TRUE	999983	0.0352728099825458	0.39948126579532	3546	462	0.0263338312074743	25620000	57
20220919 220040	binary	custom	TRUE	TRUE	FALSE	-100	-1	0	0	0	31	5811	TRUE	999983	0.00120053569722205	0.230581364441725	1747	1023	0.0281550752233504	25696000	58
20220919 220937	binary	custom	TRUE	TRUE	FALSE	-100	-1	0	0	0	31	2195	TRUE	999983	0.00229417766221592	0.361027002372048	1000	694	0.0256412639373489	26394000	59
20220919 223015	binary	custom	TRUE	TRUE	FALSE	-100	-1	0	0	0	31	5293	TRUE	999983	0.00101898366250084	0.377538314624355	1002	1018	0.0260712712758758	26298000	60
20220919 223040	binary	custom	TRUE	TRUE	FALSE	-100	-1	0	0	0	31	89	TRUE	999983	0.0581065348880861	0.152087425571958	1631	1024	0.0253893720899504	24906000	61
20220919 223105	binary	custom	TRUE	TRUE	FALSE	-100	-1	0	0	0	31	152	TRUE	999983	0.0589909791191656	0.216264245761816	3219	100	0.0244091594566615	25418000	62
20220919 224719	binary	custom	TRUE	TRUE	FALSE	-100	-1	0	0	0	31	6007	TRUE	999983	0.00101416499865418	0.307011094979358	2151	769	0.0318185980408713	25006000	63
20220919 224759	binary	custom	TRUE	TRUE	FALSE	-100	-1	0	0	0	31	283	TRUE	999983	0.0507432710313174	0.150905427056923	2961	100	0.0361901521911846	23560000	64
20220919 224840	binary	custom	TRUE	TRUE	FALSE	-100	-1	0	0	0	31	317	TRUE	999983	0.0564874173142687	0.249450035815987	3030	1024	0.0216159011372417	25812000	65
20220919 230526	binary	custom	TRUE	TRUE	FALSE	-100	-1	0	0	0	31	8069	TRUE	999983	0.00102738896342212	0.396552981252229	2786	505	0.025125563734156	25600000	66
20220919 230600	binary	custom	TRUE	TRUE	FALSE	-100	-1	0	0	0	31	207	TRUE	999983	0.0457528203843598	0.15242461457108	3534	1024	0.0218980484412147	24898000	67
20220919 232645	binary	custom	TRUE	TRUE	FALSE	-100	-1	0	0	0	31	5349	TRUE	999983	0.00100477144769731	0.378690334678834	1000	944	0.0385066439395002	24444000	68
20220919 232739	binary	custom	TRUE	TRUE	FALSE	-100	-1	0	0	0	31	229	TRUE	999983	0.026349227079275	0.213647783952758	1000	101	0.0256659692548661	25360000	69
20220919 232821	binary	custom	TRUE	TRUE	FALSE	-100	-1	0	0	0	31	310	TRUE	999983	0.059958823593067	0.255073384749799	2776	572	0.0212051637021065	25418000	70
20220919 234231	binary	custom	TRUE	TRUE	FALSE	-100	-1	0	0	0	31	8812	TRUE	999983	0.00106811392371782	0.244940708003256	3563	431	0.0253533603229069	25436000	71
20220919 234306	binary	custom	TRUE	TRUE	FALSE	-100	-1	0	0	0	31	113	TRUE	999983	0.04559393797205	0.371905552917352	3067	1024	0.0241604380995534	25312000	72
20220920 000021	binary	custom	TRUE	TRUE	FALSE	-100	-1	0	0	0	31	4364	TRUE	999983	0.00109856298848089	0.311990849851231	1000	765	0.0260427283764792	26244000	73
20220920 001732	binary	custom	TRUE	TRUE	FALSE	-100	-1	0	0	0	31	5497	TRUE	999983	0.00162844015424606	0.285268721761062	1000	1024	0.0173715001161326	25488000	74
20220920 001811	binary	custom	TRUE	TRUE	FALSE	-100	-1	0	0	0	31	245	TRUE	999983	0.0598640086800101	0.278765488839679	4000	564	0.0234424092677429	25400000	75
20220920 002925	binary	custom	TRUE	TRUE	FALSE	-100	-1	0	0	0	31	628	TRUE	999983	0.00102041763479643	0.382462321592851	1001	270	0.0125951480050752	24102000	76
20220920 002955	binary	custom	TRUE	TRUE	FALSE	-100	-1	0	0	0	31	79	TRUE	999983	0.0598451150500061	0.352966351649393	1003	100	0.0251456849938484	25852000	77
20220920 003024	binary	custom	TRUE	TRUE	FALSE	-100	-1	0	0	0	31	73	TRUE	999983	0.0599442126456137	0.369052417370567	1000	632	0.025931433127658	25780000	78
20220920 003229	binary	custom	TRUE	TRUE	FALSE	-100	-1	0	0	0	31	968	TRUE	999983	0.0112515065730853	0.228521886462666	2873	1024	0.0276424959933303	25858000	79
20220920 003331	binary	custom	TRUE	TRUE	FALSE	-100	-1	0	0	0	31	347	TRUE	999983	0.0161251837040008	0.236502343250155	3050	597	0.0275085172380456	25810000	80
20220920 004900	binary	custom	TRUE	TRUE	FALSE	-100	-1	0	0	0	31	6583	TRUE	999983	0.00111309292612089	0.273283171588825	2191	100	0.0211337782821347	25534000	81
20220920 010323	binary	custom	TRUE	TRUE	FALSE	-100	-1	0	0	0	31	6957	TRUE	999983	0.0010210401925623	0.221719532333201	2749	1024	0.0204193345373234	25408000	82
20220920 010357	binary	custom	TRUE	TRUE	FALSE	-100	-1	0	0	0	31	78	TRUE	999983	0.0598555680890089	0.386088296604906	1003	414	0.0386995547872478	24070000	83
20220920 010605	binary	custom	TRUE	TRUE	FALSE	-100	-1	0	0	0	31	852	TRUE	999983	0.0112459379939722	0.399668071012004	4000	100	0.0216227774557394	25716000	84
20220920 011234	binary	custom	TRUE	TRUE	FALSE	-100	-1	0	0	0	31	3454	TRUE	999983	0.00362919201038115	0.20912391916955	3898	1023	0.0344194358853865	24356000	85
20220920 012432	binary	custom	TRUE	TRUE	FALSE	-100	-1	0	0	0	31	4399	TRUE	999983	0.00153793055298896	0.153878944436933	1001	106	0.0394341372974598	23128000	86
20220920 012642	binary	custom	TRUE	TRUE	FALSE	-100	-1	0	0	0	31	714	TRUE	999983	0.0111323606028195	0.399958693071136	3448	580	0.0213557196388767	25578000	87
20220920 012707	binary	custom	TRUE	TRUE	FALSE	-100	-1	0	0	0	31	118	TRUE	999983	0.0592375495233137	0.239753004800964	2605	1024	0.0282899425396937	25366000	88
20220920 012746	binary	custom	TRUE	TRUE	FALSE	-100	-1	0	0	0	31	193	TRUE	999983	0.0593145981528646	0.286241604308236	1002	988	0.0125274635370007	25134000	89
20220920 012821	binary	custom	TRUE	TRUE	FALSE	-100	-1	0	0	0	31	199	TRUE	999983	0.0528653858579793	0.360857119965577	3641	101	0.0213039660044951	25208000	90
20220920 012916	binary	custom	TRUE	TRUE	FALSE	-100	-1	0	0	0	31	326	TRUE	999983	0.0210718537045775	0.245668224692599	3324	917	0.0250784249032415	26008000	91
20220920 013257	binary	custom	TRUE	TRUE	FALSE	-100	-1	0	0	0	31	1567	TRUE	999983	0.00487327106652789	0.151403771706567	2186	1014	0.0257262285328971	25514000	92
20220920 013411	binary	custom	TRUE	TRUE	FALSE	-100	-1	0	0	0	31	570	TRUE	999983	0.0209935018036921	0.257063001631189	4000	793	0.0269586025235427	25794000	93
20220920 014907	binary	custom	TRUE	TRUE	FALSE	-100	-1	0	0	0	31	5450	TRUE	999983	0.00127798535588502	0.399576253472424	3955	105	0.038826208411239	23762000	94
20220920 015034	binary	custom	TRUE	TRUE	FALSE	-100	-1	0	0	0	31	550	TRUE	999983	0.0168956375330683	0.33405772246157	4000	300	0.0252081245838981	25418000	95
20220920 015241	binary	custom	TRUE	TRUE	FALSE	-100	-1	0	0	0	31	770	TRUE	999983	0.0102626302582147	0.253707555698481	1973	892	0.0255834016225411	26030000	96
20220920 015345	binary	custom	TRUE	TRUE	FALSE	-100	-1	0	0	0	31	376	TRUE	999983	0.0182503373912911	0.259086259279999	2915	849	0.0230987893110627	25908000	97
20220920 020732	binary	custom	TRUE	TRUE	FALSE	-100	-1	0	0	0	31	3996	TRUE	999983	0.00101099340533935	0.224989606264795	1958	544	0.0257456444166429	25646000	98
20220920 020825	binary	custom	TRUE	TRUE	FALSE	-100	-1	0	0	0	31	235	TRUE	999983	0.0271216978900609	0.24923752053209	1975	1020	0.0215564479777216	25256000	99
20220920 020853	binary	custom	TRUE	TRUE	FALSE	-100	-1	0	0	0	31	173	TRUE	999983	0.0599307996494746	0.263336144252739	2958	829	0.0253869717476506	25770000	100
20220920 022048	binary	custom	TRUE	TRUE	FALSE	-100	-1	0	0	0	31	3067	TRUE	999983	0.00180132677300913	0.369963929536252	1068	924	0.0251834628827271	26326000	101
20220920 022124	binary	custom	TRUE	TRUE	FALSE	-100	-1	0	0	0	31	192	TRUE	999983	0.0599699123184769	0.255576506735743	3339	896	0.0189442788163288	25396000	102
20220920 022341	binary	custom	TRUE	TRUE	FALSE	-100	-1	0	0	0	31	674	TRUE	999983	0.00828238201597356	0.399384320428343	2448	100	0.0255595854504043	25492000	103
20220920 022422	binary	custom	TRUE	TRUE	FALSE	-100	-1	0	0	0	31	156	TRUE	999983	0.0540993058452239	0.393369645842803	1002	160	0.0210200632188091	25460000	104
20220920 022851	binary	custom	TRUE	TRUE	FALSE	-100	-1	0	0	0	31	2457	TRUE	999983	0.00475744048345109	0.150108279189186	3033	100	0.0216722655815554	25554000	105
20220920 024639	binary	custom	TRUE	TRUE	FALSE	-100	-1	0	0	0	31	5161	TRUE	999983	0.00108703667859668	0.348362827847348	1573	843	0.0259623154529494	26002000	106
20220920 024713	binary	custom	TRUE	TRUE	FALSE	-100	-1	0	0	0	31	128	TRUE	999983	0.0599516770447798	0.399676525068332	1978	102	0.0340877371794128	2.4e+07	107
20220920 024737	binary	custom	TRUE	TRUE	FALSE	-100	-1	0	0	0	31	57	TRUE	999983	0.0585352420794154	0.286564111698918	1000	1002	0.0256353364233483	25202000	108
20220920 025056	binary	custom	TRUE	TRUE	FALSE	-100	-1	0	0	0	31	1495	TRUE	999983	0.00574968749448377	0.2430264094871	3973	100	0.0224919025372896	25428000	109
20220920 025405	binary	custom	TRUE	TRUE	FALSE	-100	-1	0	0	0	31	1939	TRUE	999983	0.0122469464765038	0.150097351197557	2733	937	0.0125226233631672	24270000	110
20220920 031427	binary	custom	TRUE	TRUE	FALSE	-100	-1	0	0	0	31	5067	TRUE	999983	0.00102077187124379	0.38195439315013	1067	696	0.0245687940989297	26050000	111
20220920 031557	binary	custom	TRUE	TRUE	FALSE	-100	-1	0	0	0	31	367	TRUE	999983	0.0126019937853668	0.352855796870179	2131	887	0.0271027416005854	25622000	112
20220920 033142	binary	custom	TRUE	TRUE	FALSE	-100	-1	0	0	0	31	5648	TRUE	999983	0.00118490946418114	0.346173413157507	2973	101	0.0195968442534561	25460000	113
20220920 033227	binary	custom	TRUE	TRUE	FALSE	-100	-1	0	0	0	31	260	TRUE	999983	0.0312520350139169	0.231627696962533	3427	856	0.0290842518509739	25088000	114
20220920 033307	binary	custom	TRUE	TRUE	FALSE	-100	-1	0	0	0	31	142	TRUE	999983	0.0422521270433798	0.382717354519654	1000	422	0.0256418422293226	25448000	115
20220920 033530	binary	custom	TRUE	TRUE	FALSE	-100	-1	0	0	0	31	1211	TRUE	999983	0.0111592673264908	0.237950911515568	4000	1023	0.0240328884238922	25748000	116
20220920 033904	binary	custom	TRUE	TRUE	FALSE	-100	-1	0	0	0	31	853	TRUE	999983	0.00599867325294387	0.350817041380514	1000	911	0.0255773472148221	26102000	117
20220920 035550	binary	custom	TRUE	TRUE	FALSE	-100	-1	0	0	0	31	4124	TRUE	999983	0.00115798536173623	0.325058153044204	1000	592	0.0277235931727567	26206000	118
20220920 041057	binary	custom	TRUE	TRUE	FALSE	-100	-1	0	0	0	31	9982	TRUE	999983	0.00118671147425321	0.250663060339875	2669	962	0.0255294727883471	25854000	119
20220920 041222	binary	custom	TRUE	TRUE	FALSE	-100	-1	0	0	0	31	345	TRUE	999983	0.0224084535437878	0.365054322139229	1000	893	0.0194858952053241	25494000	120
