fecha	objective	metric	first_metric_only	boost_from_average	feature_pre_filter	verbosity	max_depth	min_gain_to_split	lambda_l1	lambda_l2	max_bin	num_iterations	force_row_wise	seed	learning_rate	feature_fraction	min_data_in_leaf	num_leaves	prob_corte	ganancia	iteracion
20220926 050612	binary	custom	TRUE	TRUE	FALSE	-100	-1	0	0	0	31	258	TRUE	757577	0.2055852854033	0.827108854372054	6668	132	0.233725246931664	24496000	1
20220926 050714	binary	custom	TRUE	TRUE	FALSE	-100	-1	0	0	0	31	588	TRUE	757577	0.178594730149955	0.550129106873646	5845	398	0.432790343406933	18350000	2
20220926 050730	binary	custom	TRUE	TRUE	FALSE	-100	-1	0	0	0	31	164	TRUE	757577	0.148457186674117	0.923642244404182	3602	332	0.205489392926789	26304000	3
20220926 050753	binary	custom	TRUE	TRUE	FALSE	-100	-1	0	0	0	31	108	TRUE	757577	0.167195806012838	0.300381048889831	2550	490	0.249810390149915	25560000	4
20220926 050823	binary	custom	TRUE	TRUE	FALSE	-100	-1	0	0	0	31	319	TRUE	757577	0.0539617026711348	0.605250071231276	2841	539	0.166422333742296	26312000	5
20220926 050844	binary	custom	TRUE	TRUE	FALSE	-100	-1	0	0	0	31	272	TRUE	757577	0.229347817603266	0.841414568051696	4106	599	0.293270787321407	24004000	6
20220926 050858	binary	custom	TRUE	TRUE	FALSE	-100	-1	0	0	0	31	65	TRUE	757577	0.248864639235311	0.662695497786626	1313	928	0.395556417217118	20610000	7
20220926 050916	binary	custom	TRUE	TRUE	FALSE	-100	-1	0	0	0	31	167	TRUE	757577	0.131813859649817	0.579065846102312	5202	24	0.119852683237696	23108000	8
20220926 051004	binary	custom	TRUE	TRUE	FALSE	-100	-1	0	0	0	31	342	TRUE	757577	0.109701138952398	0.374271511994302	4802	268	0.300678305412558	23596000	9
20220926 051048	binary	custom	TRUE	TRUE	FALSE	-100	-1	0	0	0	31	229	TRUE	757577	0.257601200490259	0.494968747133389	1759	994	0.146085716342151	26090000	10
20220926 051210	binary	custom	TRUE	TRUE	FALSE	-100	-1	0	0	0	31	756	TRUE	757577	0.0495929444161011	0.245980884823948	6844	748	0.337322020541416	20158000	11
20220926 051243	binary	custom	TRUE	TRUE	FALSE	-100	-1	0	0	0	31	71	TRUE	757577	0.277517345841741	0.895749178361148	240	702	0.0902739255781688	24256000	12
20220926 051305	binary	custom	TRUE	TRUE	FALSE	-100	-1	0	0	0	31	410	TRUE	757577	0.191444134054706	0.791498073032126	7771	184	0.375950153580396	19096000	13
20220926 051355	binary	custom	TRUE	TRUE	FALSE	-100	-1	0	0	0	31	163	TRUE	757577	0.030883958931081	0.759112924737856	564	314	0.266806306356474	25146000	14
20220926 051446	binary	custom	TRUE	TRUE	FALSE	-100	-1	0	0	0	31	319	TRUE	757577	0.0878177602320211	0.466494289841503	7354	466	0.0586559632197763	12956000	15
20220926 051534	binary	custom	TRUE	TRUE	FALSE	-100	-1	0	0	0	31	286	TRUE	757577	0.0758570942620281	0.410502965021878	2383	909	0.116416085893103	24722000	16
20220926 051602	binary	custom	TRUE	TRUE	FALSE	-100	-1	0	0	0	31	162	TRUE	757577	0.214432898020837	0.339214801695198	6196	807	0.322203594893587	20522000	17
20220926 051622	binary	custom	TRUE	TRUE	FALSE	-100	-1	0	0	0	31	202	TRUE	757577	0.118346950461157	0.989536955850199	3532	842	0.367862762706698	20998000	18
20220926 051815	binary	custom	TRUE	TRUE	FALSE	-100	-1	0	0	0	31	815	TRUE	757577	0.0235337666387204	0.226156003214419	997	670	0.451450661431326	18210000	19
20220926 051824	binary	custom	TRUE	TRUE	FALSE	-100	-1	0	0	0	31	53	TRUE	757577	0.297206560839433	0.697930820994079	4455	77	0.191545112049921	24966000	20
20220926 051843	binary	custom	TRUE	TRUE	FALSE	-100	-1	0	0	0	31	58	TRUE	757577	0.150599345310548	0.718772963124228	1560	290	0.165190353483728	26110000	21
20220926 051906	binary	custom	TRUE	TRUE	FALSE	-100	-1	0	0	0	31	166	TRUE	757577	0.109479402561295	0.764132104582262	1938	821	0.200416965129915	26752000	22
20220926 052041	binary	custom	TRUE	TRUE	FALSE	-100	-1	0	0	0	31	1136	TRUE	757577	0.0145940422469685	0.722462743033609	3128	25	0.224752229760406	26150000	23
20220926 052107	binary	custom	TRUE	TRUE	FALSE	-100	-1	0	0	0	31	27	TRUE	757577	0.122427365094766	0.574313626131997	280	921	0.174477306754264	25936000	24
20220926 052125	binary	custom	TRUE	TRUE	FALSE	-100	-1	0	0	0	31	151	TRUE	757577	0.164141898316183	0.999943987598792	2218	891	0.165337869433263	26212000	25
20220926 052155	binary	custom	TRUE	TRUE	FALSE	-100	-1	0	0	0	31	305	TRUE	757577	0.0801400405940784	0.790503344137223	2389	570	0.220588647873631	26138000	26
20220926 052214	binary	custom	TRUE	TRUE	FALSE	-100	-1	0	0	0	31	116	TRUE	757577	0.155818875469449	0.566197933353846	2661	858	0.189415157558658	26456000	27
20220926 052631	binary	custom	TRUE	TRUE	FALSE	-100	-1	0	0	0	31	1495	TRUE	757577	0.0115921867549629	0.532199578584789	1731	808	0.190131248248229	26996000	28
20220926 052853	binary	custom	TRUE	TRUE	FALSE	-100	-1	0	0	0	31	967	TRUE	757577	0.0101619003390918	0.205335803691923	1840	282	0.194564017563	26330000	29
20220926 053021	binary	custom	TRUE	TRUE	FALSE	-100	-1	0	0	0	31	560	TRUE	757577	0.0310370543767912	0.256054314784453	1713	1023	0.199196097109268	26500000	30
20220926 053132	binary	custom	TRUE	TRUE	FALSE	-100	-1	0	0	0	31	568	TRUE	757577	0.0168831797410793	0.712144887390039	2005	1012	0.186726020446144	26782000	31
20220926 053421	binary	custom	TRUE	TRUE	FALSE	-100	-1	0	0	0	31	2350	TRUE	757577	0.0112004612968812	0.997037073603023	3447	102	0.182613492429698	26388000	32
20220926 053609	binary	custom	TRUE	TRUE	FALSE	-100	-1	0	0	0	31	755	TRUE	757577	0.0101281560996229	0.841228727480358	1474	762	0.187721188894469	26502000	33
20220926 053815	binary	custom	TRUE	TRUE	FALSE	-100	-1	0	0	0	31	1645	TRUE	757577	0.0101049026557719	0.588956040451153	4075	229	0.202347412231803	25908000	34
20220926 053906	binary	custom	TRUE	TRUE	FALSE	-100	-1	0	0	0	31	216	TRUE	757577	0.0642481603097457	0.523033093857183	1785	836	0.183318513921959	27340000	35
20220926 053949	binary	custom	TRUE	TRUE	FALSE	-100	-1	0	0	0	31	197	TRUE	757577	0.094180624067841	0.391455352546054	1800	797	0.178266486617486	26510000	36
20220926 054034	binary	custom	TRUE	TRUE	FALSE	-100	-1	0	0	0	31	257	TRUE	757577	0.0563188615039622	0.556572467506553	1867	16	0.187753362934513	27192000	37
20220926 054045	binary	custom	TRUE	TRUE	FALSE	-100	-1	0	0	0	31	28	TRUE	757577	0.299938316681476	0.845089098479359	1484	1023	0.19849288175057	25960000	38
20220926 054114	binary	custom	TRUE	TRUE	FALSE	-100	-1	0	0	0	31	175	TRUE	757577	0.0586597501304743	0.579877697175429	1608	913	0.190358738799553	26934000	39
20220926 054137	binary	custom	TRUE	TRUE	FALSE	-100	-1	0	0	0	31	127	TRUE	757577	0.0561698966740748	0.697154722917001	2063	253	0.184509616662677	26536000	40
20220926 054227	binary	custom	TRUE	TRUE	FALSE	-100	-1	0	0	0	31	245	TRUE	757577	0.0648027486638331	0.473667216711084	1919	16	0.23233834571651	26240000	41
20220926 054319	binary	custom	TRUE	TRUE	FALSE	-100	-1	0	0	0	31	213	TRUE	757577	0.0474947998808035	0.513996229101904	2006	17	0.159007881499756	26804000	42
20220926 054336	binary	custom	TRUE	TRUE	FALSE	-100	-1	0	0	0	31	100	TRUE	757577	0.127852421193794	0.962876763317978	1798	16	0.200731728886896	26386000	43
20220926 054409	binary	custom	TRUE	TRUE	FALSE	-100	-1	0	0	0	31	478	TRUE	757577	0.0734058683715971	0.999494412661118	4819	16	0.24355747094889	24992000	44
20220926 054454	binary	custom	TRUE	TRUE	FALSE	-100	-1	0	0	0	31	233	TRUE	757577	0.0962388435726449	0.523219349688217	2881	17	0.184092934306169	26324000	45
20220926 054513	binary	custom	TRUE	TRUE	FALSE	-100	-1	0	0	0	31	114	TRUE	757577	0.233494098484786	0.565393600447174	26	16	0.185039055443155	24112000	46
20220926 054604	binary	custom	TRUE	TRUE	FALSE	-100	-1	0	0	0	31	255	TRUE	757577	0.0394676393235968	0.548746451438683	2164	831	0.181095365421191	26390000	47
20220926 054616	binary	custom	TRUE	TRUE	FALSE	-100	-1	0	0	0	31	65	TRUE	757577	0.242084872247419	0.932811401041834	2942	763	0.190364062897982	25992000	48
20220926 054638	binary	custom	TRUE	TRUE	FALSE	-100	-1	0	0	0	31	116	TRUE	757577	0.0649851241056509	0.611511743347554	440	16	0.172487275727438	26654000	49
20220926 054653	binary	custom	TRUE	TRUE	FALSE	-100	-1	0	0	0	31	74	TRUE	757577	0.143452985657915	0.988623732219762	1737	1024	0.249157296232843	25210000	50
20220926 055049	binary	custom	TRUE	TRUE	FALSE	-100	-1	0	0	0	31	1394	TRUE	757577	0.0102124458819082	0.358224943169251	1515	1024	0.160995072497884	27086000	51
20220926 055110	binary	custom	TRUE	TRUE	FALSE	-100	-1	0	0	0	31	124	TRUE	757577	0.299651497372551	0.87366710291524	4237	1024	0.143305653645482	24942000	52
20220926 055147	binary	custom	TRUE	TRUE	FALSE	-100	-1	0	0	0	31	355	TRUE	757577	0.0723759958893454	0.752589401019896	1926	1024	0.169881985161657	26682000	53
20220926 055204	binary	custom	TRUE	TRUE	FALSE	-100	-1	0	0	0	31	81	TRUE	757577	0.283687039314478	0.200407561721895	2388	818	0.218133302646293	25512000	54
20220926 055248	binary	custom	TRUE	TRUE	FALSE	-100	-1	0	0	0	31	277	TRUE	757577	0.0636375093121024	0.239112623015392	1670	17	0.180442112831227	26518000	55
20220926 055302	binary	custom	TRUE	TRUE	FALSE	-100	-1	0	0	0	31	121	TRUE	757577	0.186394079370096	0.757924888508848	3709	16	0.193323316789421	26450000	56
20220926 055647	binary	custom	TRUE	TRUE	FALSE	-100	-1	0	0	0	31	1324	TRUE	757577	0.0101913368742236	0.544205063059309	1731	16	0.178298573067944	26906000	57
20220926 055745	binary	custom	TRUE	TRUE	FALSE	-100	-1	0	0	0	31	285	TRUE	757577	0.0680572661605775	0.517535576622677	1619	651	0.183551262372014	26592000	58
20220926 055835	binary	custom	TRUE	TRUE	FALSE	-100	-1	0	0	0	31	279	TRUE	757577	0.0660610205722505	0.439628781790433	2821	877	0.191581233867545	26606000	59
20220926 055848	binary	custom	TRUE	TRUE	FALSE	-100	-1	0	0	0	31	53	TRUE	757577	0.197355426322168	0.643080914495845	1818	816	0.204145555085023	26212000	60
20220926 055859	binary	custom	TRUE	TRUE	FALSE	-100	-1	0	0	0	31	47	TRUE	757577	0.299970971046778	0.623875916668256	2069	566	0.15391629946278	25828000	61
20220926 055910	binary	custom	TRUE	TRUE	FALSE	-100	-1	0	0	0	31	61	TRUE	757577	0.209071893981651	0.980296165355024	2856	16	0.141298458178336	25580000	62
20220926 055922	binary	custom	TRUE	TRUE	FALSE	-100	-1	0	0	0	31	41	TRUE	757577	0.281186808066681	0.999693667766386	2003	237	0.248174245054245	25860000	63
20220926 060806	binary	custom	TRUE	TRUE	FALSE	-100	-1	0	0	0	31	274	TRUE	757577	0.0100439769889456	0.349848061934469	17	1015	0.182221893716854	24092000	64
20220926 061001	binary	custom	TRUE	TRUE	FALSE	-100	-1	0	0	0	31	639	TRUE	757577	0.0100141023902416	0.202709751174012	1999	977	0.181537109530171	26062000	65
20220926 061208	binary	custom	TRUE	TRUE	FALSE	-100	-1	0	0	0	31	1134	TRUE	757577	0.0101541070335285	0.758384067064172	1777	854	0.150875527684038	26614000	66
20220926 061514	binary	custom	TRUE	TRUE	FALSE	-100	-1	0	0	0	31	987	TRUE	757577	0.0100076584164733	0.385595901547763	1781	1019	0.254722992365117	25876000	67
20220926 061758	binary	custom	TRUE	TRUE	FALSE	-100	-1	0	0	0	31	2171	TRUE	757577	0.0102667824953036	0.99977270526238	3285	824	0.207361978161336	26232000	68
20220926 061821	binary	custom	TRUE	TRUE	FALSE	-100	-1	0	0	0	31	24	TRUE	757577	0.299874892056635	0.222747706520553	88	1022	0.154892924743897	24078000	69
20220926 061849	binary	custom	TRUE	TRUE	FALSE	-100	-1	0	0	0	31	170	TRUE	757577	0.218618838923641	0.201830933427848	4759	24	0.216309693987846	25162000	70
20220926 061902	binary	custom	TRUE	TRUE	FALSE	-100	-1	0	0	0	31	70	TRUE	757577	0.282815163120314	0.999574387556676	1933	833	0.158086180606776	25870000	71
20220926 061924	binary	custom	TRUE	TRUE	FALSE	-100	-1	0	0	0	31	113	TRUE	757577	0.299913176017416	0.331757593026301	2571	16	0.277296629280072	25550000	72
20220926 061942	binary	custom	TRUE	TRUE	FALSE	-100	-1	0	0	0	31	135	TRUE	757577	0.299978781814307	0.696413901946657	3013	507	0.250089679756334	25962000	73
20220926 062006	binary	custom	TRUE	TRUE	FALSE	-100	-1	0	0	0	31	108	TRUE	757577	0.256260486621053	0.527939123896344	2898	268	0.221822067340165	26238000	74
20220926 062043	binary	custom	TRUE	TRUE	FALSE	-100	-1	0	0	0	31	99	TRUE	757577	0.161060990974211	0.925202875320416	2	65	0.276285918142184	18438000	75
20220926 062109	binary	custom	TRUE	TRUE	FALSE	-100	-1	0	0	0	31	92	TRUE	757577	0.129726218175159	0.495411684240778	1762	1004	0.163321679022818	25924000	76
20220926 062208	binary	custom	TRUE	TRUE	FALSE	-100	-1	0	0	0	31	221	TRUE	757577	0.042610993170839	0.496368386661853	840	854	0.154485908746793	26970000	77
20220926 062248	binary	custom	TRUE	TRUE	FALSE	-100	-1	0	0	0	31	149	TRUE	757577	0.0614833697392887	0.414001561158798	1654	881	0.158156848130694	26518000	78
20220926 063049	binary	custom	TRUE	TRUE	FALSE	-100	-1	0	0	0	31	2091	TRUE	757577	0.0111212948227549	0.471399124708423	934	69	0.134976633267639	27282000	79
20220926 063215	binary	custom	TRUE	TRUE	FALSE	-100	-1	0	0	0	31	253	TRUE	757577	0.0214770521951751	0.501730364958301	903	160	0.166550056200569	26222000	80
20220926 063315	binary	custom	TRUE	TRUE	FALSE	-100	-1	0	0	0	31	574	TRUE	757577	0.0539748318534617	0.627997470042872	804	16	0.105964193689724	27026000	81
20220926 063343	binary	custom	TRUE	TRUE	FALSE	-100	-1	0	0	0	31	135	TRUE	757577	0.0651960457638886	0.569404648264839	1230	434	0.194931923955042	26216000	82
20220926 063416	binary	custom	TRUE	TRUE	FALSE	-100	-1	0	0	0	31	254	TRUE	757577	0.0576507020980619	0.609927303832314	389	19	0.12492349167219	26826000	83
20220926 063648	binary	custom	TRUE	TRUE	FALSE	-100	-1	0	0	0	31	1321	TRUE	757577	0.0115501060761983	0.836863741008448	1028	16	0.133255521150661	26280000	84
20220926 064528	binary	custom	TRUE	TRUE	FALSE	-100	-1	0	0	0	31	3951	TRUE	757577	0.0100648310436655	0.32665464691604	664	17	0.101522468778763	27054000	85
20220926 064552	binary	custom	TRUE	TRUE	FALSE	-100	-1	0	0	0	31	61	TRUE	757577	0.298741194430738	0.507645026410399	1802	16	0.183648762170848	25890000	86
20220926 064657	binary	custom	TRUE	TRUE	FALSE	-100	-1	0	0	0	31	350	TRUE	757577	0.0885664207740314	0.467141957042762	967	17	0.131692237341978	26482000	87
20220926 064726	binary	custom	TRUE	TRUE	FALSE	-100	-1	0	0	0	31	167	TRUE	757577	0.0703204840931288	0.655086985751277	1012	829	0.179807744277535	26714000	88
20220926 065404	binary	custom	TRUE	TRUE	FALSE	-100	-1	0	0	0	31	2255	TRUE	757577	0.0102564775544652	0.405160253934801	698	789	0.134781994152693	27332000	89
20220926 065721	binary	custom	TRUE	TRUE	FALSE	-100	-1	0	0	0	31	1106	TRUE	757577	0.0107469091277815	0.383323944298715	1805	17	0.205765304699892	26308000	90
20220926 070506	binary	custom	TRUE	TRUE	FALSE	-100	-1	0	0	0	31	2842	TRUE	757577	0.0100595470903207	0.444586206212691	1088	1024	0.120747329538644	26920000	91
20220926 071017	binary	custom	TRUE	TRUE	FALSE	-100	-1	0	0	0	31	2144	TRUE	757577	0.0102540091534496	0.358313603220594	1768	16	0.122171679468064	25458000	92
20220926 071453	binary	custom	TRUE	TRUE	FALSE	-100	-1	0	0	0	31	85	TRUE	757577	0.0150673211307044	0.504334284558663	0	504	0.104452400978767	22928000	93
20220926 071821	binary	custom	TRUE	TRUE	FALSE	-100	-1	0	0	0	31	1098	TRUE	757577	0.0251495436057156	0.540639259710706	639	70	0.0905191807939072	27026000	94
20220926 071831	binary	custom	TRUE	TRUE	FALSE	-100	-1	0	0	0	31	48	TRUE	757577	0.280246436631292	0.954532463689325	2914	1023	0.184900168999997	26474000	95
20220926 071855	binary	custom	TRUE	TRUE	FALSE	-100	-1	0	0	0	31	156	TRUE	757577	0.0594553625418216	0.626479792367025	1806	365	0.251207353217417	25906000	96
20220926 071913	binary	custom	TRUE	TRUE	FALSE	-100	-1	0	0	0	31	147	TRUE	757577	0.160230724735963	0.691538962213788	2190	73	0.187244454537891	26192000	97
20220926 071934	binary	custom	TRUE	TRUE	FALSE	-100	-1	0	0	0	31	39	TRUE	757577	0.163445549929	0.874705226316149	555	847	0.137009297139494	25480000	98
20220926 072045	binary	custom	TRUE	TRUE	FALSE	-100	-1	0	0	0	31	344	TRUE	757577	0.0366039911453568	0.445453905175325	1571	847	0.200502295289251	26910000	99
20220926 072117	binary	custom	TRUE	TRUE	FALSE	-100	-1	0	0	0	31	292	TRUE	757577	0.0693064329982406	0.999800516939703	3516	1024	0.187863853221178	26284000	100
20220926 072130	binary	custom	TRUE	TRUE	FALSE	-100	-1	0	0	0	31	35	TRUE	757577	0.299975776425792	0.205418741589559	1702	349	0.230370376878728	24646000	101
20220926 072306	binary	custom	TRUE	TRUE	FALSE	-100	-1	0	0	0	31	494	TRUE	757577	0.0295991726840772	0.427101677834381	724	18	0.1444490899243	26662000	102
20220926 072351	binary	custom	TRUE	TRUE	FALSE	-100	-1	0	0	0	31	246	TRUE	757577	0.0638333115799232	0.531309842906978	3604	91	0.156328896516491	25284000	103
20220926 072434	binary	custom	TRUE	TRUE	FALSE	-100	-1	0	0	0	31	280	TRUE	757577	0.270717626268158	0.555756846248465	825	16	0.069305038305038	24590000	104
20220926 072446	binary	custom	TRUE	TRUE	FALSE	-100	-1	0	0	0	31	98	TRUE	757577	0.267393523544939	0.997478325095518	3426	16	0.237188918092798	25700000	105
20220926 072534	binary	custom	TRUE	TRUE	FALSE	-100	-1	0	0	0	31	255	TRUE	757577	0.0835808741892556	0.463409269701399	3571	551	0.216570734009772	25802000	106
20220926 072746	binary	custom	TRUE	TRUE	FALSE	-100	-1	0	0	0	31	623	TRUE	757577	0.0244441608958123	0.464038525897615	682	99	0.110308817587846	26842000	107
20220926 072759	binary	custom	TRUE	TRUE	FALSE	-100	-1	0	0	0	31	67	TRUE	757577	0.226063482095809	0.999513776344504	2641	447	0.184103002180982	25946000	108
20220926 073141	binary	custom	TRUE	TRUE	FALSE	-100	-1	0	0	0	31	1351	TRUE	757577	0.0105443296682664	0.211280943481822	449	828	0.132668736164967	27578000	109
20220926 073655	binary	custom	TRUE	TRUE	FALSE	-100	-1	0	0	0	31	2344	TRUE	757577	0.0105889740159207	0.201403316675586	617	842	0.0878556912123531	26828000	110
20220926 073716	binary	custom	TRUE	TRUE	FALSE	-100	-1	0	0	0	31	171	TRUE	757577	0.298175239795965	0.572766461052389	2858	1024	0.0914951353704471	22166000	111
20220926 073740	binary	custom	TRUE	TRUE	FALSE	-100	-1	0	0	0	31	90	TRUE	757577	0.296908334396083	0.467748656312714	3782	1023	0.239019679027578	25322000	112
20220926 073805	binary	custom	TRUE	TRUE	FALSE	-100	-1	0	0	0	31	243	TRUE	757577	0.0751622537923534	0.854962685551068	2889	862	0.238192501621256	25998000	113
20220926 073836	binary	custom	TRUE	TRUE	FALSE	-100	-1	0	0	0	31	418	TRUE	757577	0.0818084738646131	0.99419131439467	4334	846	0.184272029994041	26134000	114
20220926 074224	binary	custom	TRUE	TRUE	FALSE	-100	-1	0	0	0	31	1344	TRUE	757577	0.0138071588522702	0.311838185869467	635	846	0.13152466378994	27168000	115
20220926 074312	binary	custom	TRUE	TRUE	FALSE	-100	-1	0	0	0	31	80	TRUE	757577	0.0578079427859804	0.493856892317976	399	772	0.1685888846393	26992000	116
20220926 074345	binary	custom	TRUE	TRUE	FALSE	-100	-1	0	0	0	31	346	TRUE	757577	0.0768518282573643	0.999952189347377	2942	845	0.184893002562579	26310000	117
20220926 074544	binary	custom	TRUE	TRUE	FALSE	-100	-1	0	0	0	31	1639	TRUE	757577	0.0101347655784619	0.73705309674885	4382	1023	0.210061272604697	25754000	118
20220926 074558	binary	custom	TRUE	TRUE	FALSE	-100	-1	0	0	0	31	121	TRUE	757577	0.210501866413408	0.98130656630325	4067	950	0.20112921757833	25686000	119
20220926 074717	binary	custom	TRUE	TRUE	FALSE	-100	-1	0	0	0	31	514	TRUE	757577	0.0573733537646523	0.220924473854994	429	43	0.0568667397882035	26644000	120
